3.033600000000000136e+02
3.018399999999999750e+02
3.008399999999999750e+02
2.991700000000000159e+02
2.968000000000000114e+02
2.977099999999999795e+02
2.980099999999999909e+02
2.968100000000000023e+02
2.961700000000000159e+02
2.962799999999999727e+02
2.963100000000000023e+02
2.923000000000000114e+02
2.891100000000000136e+02
2.875000000000000000e+02
2.837200000000000273e+02
2.811499999999999773e+02
2.788000000000000114e+02
2.779499999999999886e+02
2.765899999999999750e+02
2.743100000000000023e+02
2.735699999999999932e+02
2.730000000000000000e+02
2.716999999999999886e+02
2.691999999999999886e+02
2.670500000000000114e+02
2.648799999999999955e+02
2.630099999999999909e+02
2.615799999999999841e+02
2.604700000000000273e+02
2.602300000000000182e+02
2.603899999999999864e+02
2.602799999999999727e+02
2.599200000000000159e+02
2.591000000000000227e+02
2.578000000000000114e+02
2.563899999999999864e+02
2.563899999999999864e+02
2.581100000000000136e+02
2.586800000000000068e+02
2.579700000000000273e+02
2.569700000000000273e+02
2.572099999999999795e+02
2.573500000000000227e+02
2.567599999999999909e+02
2.565600000000000023e+02
2.565699999999999932e+02
2.561399999999999864e+02
2.560899999999999750e+02
2.555500000000000114e+02
2.541999999999999886e+02
2.527800000000000011e+02
2.517100000000000080e+02
2.512299999999999898e+02
2.520399999999999920e+02
2.528799999999999955e+02
2.524399999999999977e+02
2.521500000000000057e+02
2.520099999999999909e+02
2.519900000000000091e+02
2.515900000000000034e+02
2.505500000000000114e+02
2.495500000000000114e+02
2.489900000000000091e+02
2.478700000000000045e+02
2.465200000000000102e+02
2.466699999999999875e+02
2.466599999999999966e+02
2.468199999999999932e+02
2.455200000000000102e+02
2.447899999999999920e+02
2.449600000000000080e+02
2.447299999999999898e+02
2.445200000000000102e+02
2.438000000000000114e+02
2.435999999999999943e+02
2.428400000000000034e+02
2.414300000000000068e+02
2.413499999999999943e+02
2.417299999999999898e+02
2.414300000000000068e+02
2.408499999999999943e+02
2.406299999999999955e+02
2.410200000000000102e+02
2.402299999999999898e+02
2.392599999999999909e+02
2.381299999999999955e+02
2.371100000000000136e+02
2.369199999999999875e+02
2.365200000000000102e+02
2.373400000000000034e+02
2.378400000000000034e+02
2.379499999999999886e+02
2.383199999999999932e+02
2.386500000000000057e+02
2.386399999999999864e+02
2.378000000000000114e+02
2.365999999999999943e+02
2.361200000000000045e+02
2.347199999999999989e+02
2.337100000000000080e+02
2.348100000000000023e+02
2.361500000000000057e+02
2.374300000000000068e+02
2.380300000000000011e+02
2.378499999999999943e+02
2.382500000000000000e+02
2.383400000000000034e+02
2.379000000000000057e+02
2.370699999999999932e+02
2.362899999999999920e+02
2.347800000000000011e+02
2.339199999999999875e+02
2.330500000000000114e+02
2.330699999999999932e+02
2.335500000000000114e+02
2.341500000000000057e+02
2.338799999999999955e+02
2.335999999999999943e+02
2.335000000000000000e+02
2.329499999999999886e+02
2.325300000000000011e+02
2.327700000000000102e+02
2.321699999999999875e+02
2.302800000000000011e+02
2.295999999999999943e+02
2.302199999999999989e+02
2.313199999999999932e+02
2.314099999999999966e+02
2.303799999999999955e+02
2.290999999999999943e+02
2.294799999999999898e+02
2.298199999999999932e+02
2.300900000000000034e+02
2.293899999999999864e+02
2.276599999999999966e+02
2.266599999999999966e+02
2.256699999999999875e+02
2.262299999999999898e+02
2.264199999999999875e+02
2.268899999999999864e+02
2.265399999999999920e+02
2.259199999999999875e+02
2.257199999999999989e+02
2.259600000000000080e+02
2.249099999999999966e+02
2.234699999999999989e+02
2.213100000000000023e+02
2.202199999999999989e+02
2.191800000000000068e+02
2.188000000000000114e+02
2.187100000000000080e+02
2.184399999999999977e+02
2.183100000000000023e+02
2.180099999999999909e+02
2.179600000000000080e+02
2.181800000000000068e+02
2.180099999999999909e+02
2.176299999999999955e+02
2.167400000000000091e+02
2.166899999999999977e+02
2.159499999999999886e+02
2.163300000000000125e+02
2.161800000000000068e+02
2.159699999999999989e+02
2.158300000000000125e+02
2.153499999999999943e+02
2.156899999999999977e+02
2.138600000000000136e+02
2.132400000000000091e+02
2.127100000000000080e+02
2.121899999999999977e+02
2.111399999999999864e+02
2.102299999999999898e+02
2.124300000000000068e+02
2.165699999999999932e+02
2.187800000000000011e+02
2.190900000000000034e+02
2.199600000000000080e+02
2.188199999999999932e+02
2.166299999999999955e+02
2.148199999999999932e+02
2.135300000000000011e+02
2.116899999999999977e+02
2.110800000000000125e+02
2.100399999999999920e+02
2.101800000000000068e+02
2.089399999999999977e+02
2.084900000000000091e+02
2.079199999999999875e+02
2.083000000000000114e+02
2.083499999999999943e+02
2.079499999999999886e+02
2.066899999999999977e+02
2.053499999999999943e+02
2.035000000000000000e+02
2.024199999999999875e+02
2.018000000000000114e+02
2.015000000000000000e+02
2.018000000000000114e+02
2.029000000000000057e+02
2.039000000000000057e+02
2.035000000000000000e+02
2.029000000000000057e+02
2.025000000000000000e+02
2.015000000000000000e+02
1.998000000000000114e+02
1.986999999999999886e+02
1.983000000000000114e+02
1.968000000000000114e+02
1.975999999999999943e+02
1.991999999999999886e+02
1.988000000000000114e+02
1.964000000000000057e+02
1.954000000000000057e+02
1.945000000000000000e+02
1.944000000000000057e+02
1.945999999999999943e+02
1.933000000000000114e+02
1.918000000000000114e+02
1.906999999999999886e+02
1.903000000000000114e+02
1.910000000000000000e+02
1.909000000000000057e+02
1.899000000000000057e+02
1.895000000000000000e+02
1.894000000000000057e+02
1.896999999999999886e+02
1.890999999999999943e+02
1.880000000000000000e+02
1.874000000000000057e+02
1.861999999999999886e+02
1.851999999999999886e+02
1.843000000000000114e+02
1.845000000000000000e+02
1.850000000000000000e+02
1.851999999999999886e+02
1.845999999999999943e+02
1.839000000000000057e+02
1.836999999999999886e+02
1.835000000000000000e+02
1.838000000000000114e+02
1.841999999999999886e+02
1.830999999999999943e+02
1.816999999999999886e+02
1.809000000000000057e+02
1.813000000000000114e+02
1.813000000000000114e+02
1.810000000000000000e+02
1.806999999999999886e+02
1.800999999999999943e+02
1.799000000000000057e+02
1.798000000000000114e+02
1.798000000000000114e+02
1.788000000000000114e+02
1.778000000000000114e+02
1.770999999999999943e+02
1.766999999999999886e+02
1.774000000000000057e+02
1.776999999999999886e+02
1.783000000000000114e+02
1.775000000000000000e+02
1.775000000000000000e+02
1.780000000000000000e+02
1.776999999999999886e+02
1.769000000000000057e+02
1.761999999999999886e+02
1.758000000000000114e+02
1.750999999999999943e+02
1.740000000000000000e+02
1.740999999999999943e+02
1.740000000000000000e+02
1.736999999999999886e+02
1.728000000000000114e+02
1.728000000000000114e+02
1.724000000000000057e+02
1.715000000000000000e+02
1.713000000000000114e+02
1.711999999999999886e+02
1.698000000000000114e+02
1.688000000000000114e+02
1.683000000000000114e+02
1.683000000000000114e+02
1.681999999999999886e+02
1.679000000000000057e+02
1.670999999999999943e+02
1.666999999999999886e+02
1.661999999999999886e+02
1.661999999999999886e+02
1.661999999999999886e+02
1.650000000000000000e+02
1.645000000000000000e+02
1.643000000000000114e+02
1.639000000000000057e+02
1.640000000000000000e+02
1.640000000000000000e+02
1.635999999999999943e+02
1.634000000000000057e+02
1.631999999999999886e+02
1.630000000000000000e+02
1.628000000000000114e+02
1.625000000000000000e+02
1.621999999999999886e+02
1.619000000000000057e+02
1.615999999999999943e+02
1.613000000000000114e+02
1.615000000000000000e+02
1.615999999999999943e+02
1.611999999999999886e+02
1.608000000000000114e+02
1.605000000000000000e+02
1.603000000000000114e+02
1.600999999999999943e+02
1.601999999999999886e+02
1.600000000000000000e+02
1.595999999999999943e+02
1.590999999999999943e+02
1.585999999999999943e+02
1.585999999999999943e+02
1.583000000000000114e+02
1.578000000000000114e+02
1.573000000000000114e+02
1.570000000000000000e+02
1.566999999999999886e+02
1.565999999999999943e+02
1.563000000000000114e+02
1.556999999999999886e+02
1.549000000000000057e+02
1.544000000000000057e+02
1.535000000000000000e+02
1.535999999999999943e+02
1.536999999999999886e+02
1.531999999999999886e+02
1.529000000000000057e+02
1.525000000000000000e+02
1.525000000000000000e+02
1.521999999999999886e+02
1.519000000000000057e+02
1.514000000000000057e+02
1.509000000000000057e+02
1.503000000000000114e+02
1.496999999999999886e+02
1.496999999999999886e+02
1.495000000000000000e+02
1.494000000000000057e+02
1.490000000000000000e+02
1.484000000000000057e+02
1.480000000000000000e+02
1.475000000000000000e+02
1.474000000000000057e+02
1.471999999999999886e+02
1.466999999999999886e+02
1.461999999999999886e+02
1.458000000000000114e+02
1.458000000000000114e+02
1.456999999999999886e+02
1.450999999999999943e+02
1.448000000000000114e+02
1.444000000000000057e+02
1.444000000000000057e+02
1.441999999999999886e+02
1.440000000000000000e+02
1.435999999999999943e+02
1.430999999999999943e+02
1.425999999999999943e+02
1.419000000000000057e+02
1.420000000000000000e+02
1.418000000000000114e+02
1.413000000000000114e+02
1.409000000000000057e+02
1.405000000000000000e+02
1.401999999999999886e+02
1.396999999999999886e+02
1.395000000000000000e+02
1.393000000000000114e+02
1.385999999999999943e+02
1.380999999999999943e+02
1.379000000000000057e+02
1.378000000000000114e+02
1.374000000000000057e+02
1.371999999999999886e+02
1.365999999999999943e+02
1.361999999999999886e+02
1.360000000000000000e+02
1.355999999999999943e+02
1.351999999999999886e+02
1.350000000000000000e+02
1.348000000000000114e+02
1.345999999999999943e+02
1.338000000000000114e+02
1.338000000000000114e+02
1.335000000000000000e+02
1.326999999999999886e+02
1.315999999999999943e+02
1.304000000000000057e+02
1.299000000000000057e+02
1.291999999999999886e+02
1.289000000000000057e+02
1.286999999999999886e+02
1.280000000000000000e+02
1.274000000000000057e+02
1.260999999999999943e+02
1.259000000000000057e+02
1.255999999999999943e+02
1.250000000000000000e+02
1.245999999999999943e+02
1.244000000000000057e+02
1.240999999999999943e+02
1.237999999999999972e+02
1.230999999999999943e+02
1.222999999999999972e+02
1.215999999999999943e+02
1.210999999999999943e+02
1.205000000000000000e+02
1.202999999999999972e+02
1.202000000000000028e+02
1.197999999999999972e+02
1.190000000000000000e+02
1.185000000000000000e+02
1.180000000000000000e+02
1.175000000000000000e+02
1.170999999999999943e+02
1.165000000000000000e+02
1.160000000000000000e+02
1.157000000000000028e+02
1.154000000000000057e+02
1.154000000000000057e+02
1.152999999999999972e+02
1.150000000000000000e+02
1.144000000000000057e+02
1.137999999999999972e+02
1.135000000000000000e+02
1.130999999999999943e+02
1.127000000000000028e+02
1.120999999999999943e+02
1.115999999999999943e+02
1.112000000000000028e+02
1.105000000000000000e+02
1.104000000000000057e+02
1.102999999999999972e+02
1.102000000000000028e+02
1.097000000000000028e+02
1.095000000000000000e+02
1.095000000000000000e+02
1.089000000000000057e+02
1.085999999999999943e+02
1.087999999999999972e+02
1.092999999999999972e+02
1.095999999999999943e+02
1.092999999999999972e+02
1.090000000000000000e+02
1.087000000000000028e+02
1.082999999999999972e+02
1.080000000000000000e+02
1.077999999999999972e+02
1.075999999999999943e+02
1.072999999999999972e+02
1.069000000000000057e+02
1.064000000000000057e+02
1.060000000000000000e+02
1.055000000000000000e+02
1.052999999999999972e+02
1.052999999999999972e+02
1.052999999999999972e+02
1.050000000000000000e+02
1.045000000000000000e+02
1.040999999999999943e+02
1.037000000000000028e+02
1.034000000000000057e+02
1.030999999999999943e+02
1.025999999999999943e+02
1.024000000000000057e+02
1.019000000000000057e+02
1.012999999999999972e+02
1.012000000000000028e+02
1.010000000000000000e+02
1.007000000000000028e+02
1.002000000000000028e+02
9.990000000000000568e+01
9.950000000000000000e+01
9.920000000000000284e+01
9.859999999999999432e+01
9.790000000000000568e+01
9.790000000000000568e+01
9.779999999999999716e+01
9.759999999999999432e+01
9.800000000000000000e+01
9.820000000000000284e+01
9.790000000000000568e+01
9.770000000000000284e+01
9.750000000000000000e+01
9.700000000000000000e+01
9.579999999999999716e+01
9.490000000000000568e+01
9.450000000000000000e+01
9.459999999999999432e+01
9.429999999999999716e+01
9.400000000000000000e+01
9.370000000000000284e+01
9.340000000000000568e+01
9.320000000000000284e+01
9.229999999999999716e+01
9.159999999999999432e+01
9.059999999999999432e+01
8.979999999999999716e+01
8.909999999999999432e+01
8.850000000000000000e+01
8.790000000000000568e+01
8.700000000000000000e+01
8.629999999999999716e+01
8.550000000000000000e+01
8.479999999999999716e+01
8.400000000000000000e+01
8.329999999999999716e+01
8.270000000000000284e+01
8.270000000000000284e+01
8.179999999999999716e+01
8.100000000000000000e+01
8.009999999999999432e+01
7.890000000000000568e+01
7.779999999999999716e+01
7.670000000000000284e+01
7.590000000000000568e+01
7.520000000000000284e+01
7.459999999999999432e+01
7.379999999999999716e+01
7.309999999999999432e+01
7.229999999999999716e+01
7.150000000000000000e+01
7.059999999999999432e+01
6.979999999999999716e+01
6.909999999999999432e+01
6.829999999999999716e+01
6.770000000000000284e+01
6.740000000000000568e+01
6.709999999999999432e+01
6.650000000000000000e+01
6.600000000000000000e+01
6.570000000000000284e+01
6.520000000000000284e+01
6.450000000000000000e+01
6.389999999999999858e+01
6.339999999999999858e+01
6.289999999999999858e+01
6.250000000000000000e+01
6.210000000000000142e+01
6.189999999999999858e+01
6.160000000000000142e+01
6.139999999999999858e+01
6.120000000000000284e+01
6.100000000000000000e+01
6.070000000000000284e+01
6.029999999999999716e+01
6.000000000000000000e+01
5.950000000000000000e+01
5.910000000000000142e+01
5.850000000000000000e+01
5.820000000000000284e+01
5.800000000000000000e+01
5.789999999999999858e+01
5.760000000000000142e+01
5.739999999999999858e+01
5.710000000000000142e+01
5.679999999999999716e+01
5.650000000000000000e+01
5.610000000000000142e+01
5.589999999999999858e+01
5.579999999999999716e+01
5.560000000000000142e+01
5.550000000000000000e+01
5.529999999999999716e+01
5.489999999999999858e+01
5.460000000000000142e+01
5.429999999999999716e+01
5.420000000000000284e+01
5.360000000000000142e+01
5.320000000000000284e+01
5.289999999999999858e+01
5.270000000000000284e+01
5.250000000000000000e+01
5.210000000000000142e+01
5.189999999999999858e+01
5.150000000000000000e+01
5.110000000000000142e+01
5.060000000000000142e+01
5.000000000000000000e+01
4.939999999999999858e+01
4.900000000000000000e+01
4.860000000000000142e+01
4.800000000000000000e+01
4.779999999999999716e+01
4.720000000000000284e+01
4.660000000000000142e+01
4.620000000000000284e+01
4.589999999999999858e+01
4.560000000000000142e+01
4.520000000000000284e+01
4.510000000000000142e+01
4.429999999999999716e+01
4.420000000000000284e+01
4.389999999999999858e+01
4.360000000000000142e+01
4.329999999999999716e+01
4.289999999999999858e+01
4.260000000000000142e+01
4.250000000000000000e+01
4.239999999999999858e+01
4.229999999999999716e+01
4.210000000000000142e+01
4.200000000000000000e+01
4.189999999999999858e+01
4.170000000000000284e+01
4.160000000000000142e+01
4.150000000000000000e+01
4.139999999999999858e+01
4.129999999999999716e+01
4.110000000000000142e+01
4.110000000000000142e+01
4.089999999999999858e+01
4.089999999999999858e+01
4.079999999999999716e+01
4.079999999999999716e+01
4.070000000000000284e+01
4.060000000000000142e+01
4.029999999999999716e+01
4.010000000000000142e+01
4.000000000000000000e+01
3.989999999999999858e+01
3.979999999999999716e+01
3.979999999999999716e+01
3.960000000000000142e+01
3.939999999999999858e+01
3.920000000000000284e+01
3.900000000000000000e+01
3.900000000000000000e+01
3.879999999999999716e+01
3.860000000000000142e+01
3.850000000000000000e+01
3.820000000000000284e+01
3.800000000000000000e+01
3.779999999999999716e+01
3.770000000000000284e+01
3.750000000000000000e+01
3.729999999999999716e+01
3.710000000000000142e+01
3.700000000000000000e+01
3.679999999999999716e+01
3.660000000000000142e+01
3.639999999999999858e+01
3.629999999999999716e+01
3.610000000000000142e+01
3.579999999999999716e+01
3.560000000000000142e+01
3.550000000000000000e+01
3.539999999999999858e+01
3.529999999999999716e+01
3.510000000000000142e+01
3.500000000000000000e+01
3.489999999999999858e+01
3.470000000000000284e+01
3.450000000000000000e+01
3.439999999999999858e+01
3.429999999999999716e+01
3.420000000000000284e+01
3.410000000000000142e+01
3.389999999999999858e+01
3.379999999999999716e+01
3.370000000000000284e+01
3.360000000000000142e+01
3.350000000000000000e+01
3.339999999999999858e+01
3.329999999999999716e+01
3.320000000000000284e+01
3.310000000000000142e+01
3.300000000000000000e+01
3.289999999999999858e+01
3.289999999999999858e+01
3.289999999999999858e+01
3.289999999999999858e+01
3.289999999999999858e+01
3.270000000000000284e+01
3.270000000000000284e+01
3.250000000000000000e+01
3.239999999999999858e+01
3.229999999999999716e+01
3.229999999999999716e+01
3.210000000000000142e+01
3.200000000000000000e+01
3.180000000000000071e+01
3.180000000000000071e+01
3.169999999999999929e+01
3.169999999999999929e+01
3.160000000000000142e+01
3.160000000000000142e+01
3.160000000000000142e+01
3.160000000000000142e+01
3.139999999999999858e+01
3.139999999999999858e+01
3.130000000000000071e+01
3.119999999999999929e+01
3.119999999999999929e+01
3.119999999999999929e+01
3.119999999999999929e+01
3.110000000000000142e+01
3.110000000000000142e+01
3.100000000000000000e+01
3.110000000000000142e+01
3.100000000000000000e+01
3.089999999999999858e+01
3.089999999999999858e+01
3.089999999999999858e+01
3.089999999999999858e+01
3.089999999999999858e+01
3.089999999999999858e+01
3.080000000000000071e+01
3.080000000000000071e+01
3.069999999999999929e+01
3.069999999999999929e+01
3.069999999999999929e+01
3.060000000000000142e+01
3.050000000000000000e+01
3.050000000000000000e+01
3.050000000000000000e+01
3.039999999999999858e+01
3.039999999999999858e+01
3.039999999999999858e+01
3.039999999999999858e+01
3.039999999999999858e+01
3.039999999999999858e+01
3.030000000000000071e+01
3.030000000000000071e+01
3.019999999999999929e+01
3.019999999999999929e+01
3.019999999999999929e+01
3.010000000000000142e+01
3.010000000000000142e+01
3.000000000000000000e+01
3.000000000000000000e+01
3.000000000000000000e+01
3.000000000000000000e+01
3.000000000000000000e+01
2.989999999999999858e+01
3.000000000000000000e+01
2.980000000000000071e+01
2.980000000000000071e+01
2.980000000000000071e+01
2.980000000000000071e+01
2.980000000000000071e+01
2.980000000000000071e+01
2.980000000000000071e+01
2.980000000000000071e+01
2.980000000000000071e+01
2.960000000000000142e+01
2.960000000000000142e+01
2.960000000000000142e+01
2.960000000000000142e+01
2.950000000000000000e+01
2.950000000000000000e+01
2.939999999999999858e+01
2.939999999999999858e+01
2.930000000000000071e+01
2.939999999999999858e+01
2.939999999999999858e+01
2.939999999999999858e+01
2.930000000000000071e+01
2.919999999999999929e+01
2.919999999999999929e+01
2.910000000000000142e+01
2.900000000000000000e+01
2.900000000000000000e+01
2.889999999999999858e+01
2.889999999999999858e+01
2.900000000000000000e+01
2.889999999999999858e+01
2.900000000000000000e+01
2.889999999999999858e+01
2.889999999999999858e+01
2.889999999999999858e+01
2.900000000000000000e+01
2.889999999999999858e+01
2.889999999999999858e+01
2.889999999999999858e+01
2.880000000000000071e+01
2.860000000000000142e+01
2.860000000000000142e+01
2.839999999999999858e+01
2.839999999999999858e+01
2.830000000000000071e+01
2.830000000000000071e+01
2.830000000000000071e+01
2.830000000000000071e+01
2.810000000000000142e+01
2.800000000000000000e+01
2.789999999999999858e+01
2.780000000000000071e+01
2.769999999999999929e+01
2.760000000000000142e+01
2.760000000000000142e+01
2.750000000000000000e+01
2.750000000000000000e+01
2.739999999999999858e+01
2.730000000000000071e+01
2.739999999999999858e+01
2.719999999999999929e+01
2.700000000000000000e+01
2.689999999999999858e+01
2.680000000000000071e+01
2.680000000000000071e+01
2.680000000000000071e+01
2.680000000000000071e+01
2.689999999999999858e+01
2.689999999999999858e+01
2.689999999999999858e+01
2.680000000000000071e+01
2.680000000000000071e+01
2.669999999999999929e+01
2.669999999999999929e+01
2.669999999999999929e+01
2.669999999999999929e+01
2.669999999999999929e+01
2.669999999999999929e+01
2.669999999999999929e+01
2.680000000000000071e+01
2.680000000000000071e+01
2.680000000000000071e+01
2.689999999999999858e+01
2.689999999999999858e+01
2.689999999999999858e+01
2.689999999999999858e+01
2.680000000000000071e+01
2.689999999999999858e+01
2.689999999999999858e+01
2.689999999999999858e+01
2.689999999999999858e+01
2.689999999999999858e+01
2.700000000000000000e+01
2.689999999999999858e+01
2.689999999999999858e+01
2.680000000000000071e+01
2.680000000000000071e+01
2.669999999999999929e+01
2.660000000000000142e+01
2.660000000000000142e+01
2.650000000000000000e+01
2.660000000000000142e+01
2.669999999999999929e+01
2.669999999999999929e+01
2.669999999999999929e+01
2.669999999999999929e+01
2.669999999999999929e+01
2.669999999999999929e+01
2.650000000000000000e+01
2.639999999999999858e+01
2.639999999999999858e+01
2.630000000000000071e+01
2.630000000000000071e+01
2.650000000000000000e+01
2.650000000000000000e+01
2.639999999999999858e+01
2.619999999999999929e+01
2.610000000000000142e+01
2.589999999999999858e+01
2.589999999999999858e+01
2.589999999999999858e+01
2.589999999999999858e+01
2.580000000000000071e+01
2.580000000000000071e+01
2.569999999999999929e+01
2.539999999999999858e+01
2.500000000000000000e+01
2.469999999999999929e+01
2.460000000000000142e+01
2.439999999999999858e+01
2.430000000000000071e+01
2.410000000000000142e+01
2.380000000000000071e+01
2.369999999999999929e+01
2.360000000000000142e+01
2.360000000000000142e+01
2.350000000000000000e+01
2.350000000000000000e+01
2.360000000000000142e+01
2.380000000000000071e+01
2.369999999999999929e+01
2.389999999999999858e+01
2.380000000000000071e+01
2.369999999999999929e+01
2.389999999999999858e+01
2.380000000000000071e+01
2.389999999999999858e+01
2.380000000000000071e+01
2.380000000000000071e+01
2.400000000000000000e+01
2.410000000000000142e+01
2.419999999999999929e+01
2.439999999999999858e+01
2.450000000000000000e+01
2.450000000000000000e+01
2.439999999999999858e+01
2.410000000000000142e+01
2.389999999999999858e+01
2.380000000000000071e+01
2.339999999999999858e+01
2.350000000000000000e+01
2.369999999999999929e+01
2.339999999999999858e+01
2.310000000000000142e+01
2.300000000000000000e+01
2.300000000000000000e+01
2.250000000000000000e+01
2.219999999999999929e+01
2.200000000000000000e+01
2.189999999999999858e+01
2.189999999999999858e+01
2.189999999999999858e+01
2.150000000000000000e+01
2.150000000000000000e+01
2.150000000000000000e+01
2.130000000000000071e+01
2.080000000000000071e+01
2.039999999999999858e+01
2.019999999999999929e+01
1.980000000000000071e+01
1.869999999999999929e+01
1.850000000000000000e+01
1.839999999999999858e+01
1.830000000000000071e+01
1.810000000000000142e+01
1.819999999999999929e+01
1.819999999999999929e+01
1.810000000000000142e+01
1.810000000000000142e+01
1.810000000000000142e+01
1.810000000000000142e+01
1.810000000000000142e+01
1.810000000000000142e+01
1.789999999999999858e+01
1.780000000000000071e+01
1.780000000000000071e+01
1.780000000000000071e+01
1.780000000000000071e+01
1.780000000000000071e+01
1.769999999999999929e+01
1.769999999999999929e+01
1.769999999999999929e+01
1.769999999999999929e+01
1.769999999999999929e+01
1.760000000000000142e+01
1.750000000000000000e+01
1.750000000000000000e+01
1.739999999999999858e+01
1.739999999999999858e+01
1.739999999999999858e+01
1.739999999999999858e+01
1.739999999999999858e+01
1.739999999999999858e+01
1.739999999999999858e+01
1.730000000000000071e+01
1.739999999999999858e+01
1.750000000000000000e+01
1.750000000000000000e+01
1.739999999999999858e+01
1.719999999999999929e+01
1.689999999999999858e+01
1.689999999999999858e+01
1.689999999999999858e+01
1.680000000000000071e+01
1.669999999999999929e+01
1.650000000000000000e+01
1.650000000000000000e+01
1.639999999999999858e+01
1.630000000000000071e+01
1.630000000000000071e+01
1.610000000000000142e+01
1.600000000000000000e+01
1.580000000000000071e+01
1.569999999999999929e+01
1.550000000000000000e+01
1.540000000000000036e+01
1.530000000000000071e+01
1.509999999999999964e+01
1.490000000000000036e+01
1.469999999999999929e+01
1.469999999999999929e+01
1.440000000000000036e+01
1.430000000000000071e+01
1.419999999999999929e+01
1.409999999999999964e+01
1.409999999999999964e+01
1.409999999999999964e+01
1.400000000000000000e+01
1.400000000000000000e+01
1.400000000000000000e+01
1.400000000000000000e+01
1.400000000000000000e+01
1.409999999999999964e+01
1.400000000000000000e+01
1.400000000000000000e+01
1.400000000000000000e+01
1.400000000000000000e+01
1.390000000000000036e+01
1.400000000000000000e+01
1.400000000000000000e+01
1.400000000000000000e+01
1.409999999999999964e+01
1.380000000000000071e+01
1.380000000000000071e+01
1.380000000000000071e+01
1.380000000000000071e+01
1.380000000000000071e+01
1.390000000000000036e+01
1.390000000000000036e+01
1.400000000000000000e+01
1.400000000000000000e+01
1.400000000000000000e+01
1.400000000000000000e+01
1.409999999999999964e+01
1.409999999999999964e+01
1.409999999999999964e+01
1.409999999999999964e+01
1.409999999999999964e+01
1.419999999999999929e+01
1.409999999999999964e+01
1.409999999999999964e+01
1.419999999999999929e+01
1.440000000000000036e+01
1.450000000000000000e+01
1.459999999999999964e+01
1.459999999999999964e+01
1.450000000000000000e+01
1.450000000000000000e+01
1.440000000000000036e+01
1.440000000000000036e+01
1.430000000000000071e+01
1.419999999999999929e+01
1.409999999999999964e+01
1.409999999999999964e+01
1.400000000000000000e+01
1.400000000000000000e+01
1.400000000000000000e+01
1.400000000000000000e+01
1.400000000000000000e+01
1.390000000000000036e+01
1.380000000000000071e+01
1.369999999999999929e+01
1.369999999999999929e+01
1.369999999999999929e+01
1.380000000000000071e+01
1.380000000000000071e+01
1.380000000000000071e+01
1.380000000000000071e+01
1.369999999999999929e+01
1.369999999999999929e+01
1.369999999999999929e+01
1.369999999999999929e+01
1.369999999999999929e+01
1.380000000000000071e+01
1.380000000000000071e+01
1.369999999999999929e+01
1.369999999999999929e+01
1.359999999999999964e+01
1.340000000000000036e+01
1.350000000000000000e+01
1.350000000000000000e+01
1.359999999999999964e+01
1.340000000000000036e+01
1.340000000000000036e+01
1.340000000000000036e+01
1.330000000000000071e+01
1.330000000000000071e+01
1.330000000000000071e+01
1.330000000000000071e+01
1.319999999999999929e+01
1.319999999999999929e+01
1.319999999999999929e+01
1.319999999999999929e+01
1.319999999999999929e+01
1.319999999999999929e+01
1.309999999999999964e+01
1.269999999999999929e+01
1.259999999999999964e+01
1.259999999999999964e+01
1.259999999999999964e+01
1.269999999999999929e+01
1.290000000000000036e+01
1.309999999999999964e+01
1.319999999999999929e+01
1.330000000000000071e+01
1.340000000000000036e+01
1.350000000000000000e+01
1.359999999999999964e+01
1.359999999999999964e+01
1.369999999999999929e+01
1.390000000000000036e+01
1.400000000000000000e+01
1.409999999999999964e+01
1.430000000000000071e+01
1.459999999999999964e+01
1.469999999999999929e+01
1.490000000000000036e+01
1.500000000000000000e+01
1.509999999999999964e+01
1.509999999999999964e+01
1.509999999999999964e+01
1.530000000000000071e+01
1.550000000000000000e+01
1.559999999999999964e+01
1.569999999999999929e+01
1.590000000000000036e+01
1.610000000000000142e+01
1.639999999999999858e+01
1.650000000000000000e+01
1.660000000000000142e+01
1.650000000000000000e+01
1.660000000000000142e+01
1.680000000000000071e+01
1.689999999999999858e+01
1.700000000000000000e+01
1.689999999999999858e+01
1.700000000000000000e+01
1.710000000000000142e+01
1.719999999999999929e+01
1.730000000000000071e+01
1.730000000000000071e+01
1.730000000000000071e+01
1.730000000000000071e+01
1.730000000000000071e+01
1.710000000000000142e+01
1.700000000000000000e+01
1.689999999999999858e+01
1.700000000000000000e+01
1.710000000000000142e+01
1.710000000000000142e+01
1.710000000000000142e+01
1.719999999999999929e+01
1.719999999999999929e+01
1.730000000000000071e+01
1.710000000000000142e+01
1.710000000000000142e+01
1.710000000000000142e+01
1.719999999999999929e+01
1.710000000000000142e+01
1.710000000000000142e+01
1.710000000000000142e+01
1.730000000000000071e+01
1.730000000000000071e+01
1.730000000000000071e+01
1.739999999999999858e+01
1.730000000000000071e+01
1.719999999999999929e+01
1.730000000000000071e+01
1.760000000000000142e+01
1.739999999999999858e+01
1.730000000000000071e+01
1.730000000000000071e+01
1.739999999999999858e+01
1.750000000000000000e+01
1.769999999999999929e+01
1.769999999999999929e+01
1.760000000000000142e+01
1.750000000000000000e+01
1.739999999999999858e+01
1.750000000000000000e+01
1.769999999999999929e+01
1.780000000000000071e+01
1.789999999999999858e+01
1.780000000000000071e+01
1.789999999999999858e+01
1.789999999999999858e+01
1.789999999999999858e+01
1.800000000000000000e+01
1.769999999999999929e+01
1.769999999999999929e+01
1.769999999999999929e+01
1.769999999999999929e+01
1.750000000000000000e+01
1.730000000000000071e+01
1.719999999999999929e+01
1.730000000000000071e+01
1.719999999999999929e+01
1.730000000000000071e+01
1.730000000000000071e+01
1.719999999999999929e+01
1.719999999999999929e+01
1.710000000000000142e+01
1.700000000000000000e+01
1.710000000000000142e+01
1.700000000000000000e+01
1.700000000000000000e+01
1.700000000000000000e+01
1.710000000000000142e+01
1.719999999999999929e+01
1.730000000000000071e+01
1.730000000000000071e+01
1.730000000000000071e+01
1.730000000000000071e+01
1.719999999999999929e+01
1.710000000000000142e+01
1.719999999999999929e+01
1.700000000000000000e+01
1.689999999999999858e+01
1.689999999999999858e+01
1.680000000000000071e+01
1.680000000000000071e+01
1.680000000000000071e+01
1.689999999999999858e+01
1.680000000000000071e+01
1.669999999999999929e+01
1.660000000000000142e+01
1.660000000000000142e+01
1.680000000000000071e+01
1.669999999999999929e+01
1.669999999999999929e+01
1.669999999999999929e+01
1.669999999999999929e+01
1.689999999999999858e+01
1.689999999999999858e+01
1.730000000000000071e+01
1.739999999999999858e+01
1.750000000000000000e+01
1.750000000000000000e+01
1.769999999999999929e+01
1.769999999999999929e+01
1.760000000000000142e+01
1.769999999999999929e+01
1.810000000000000142e+01
1.830000000000000071e+01
1.839999999999999858e+01
1.900000000000000000e+01
1.939999999999999858e+01
1.980000000000000071e+01
1.989999999999999858e+01
2.000000000000000000e+01
2.030000000000000071e+01
2.080000000000000071e+01
2.089999999999999858e+01
2.060000000000000142e+01
2.030000000000000071e+01
1.969999999999999929e+01
1.950000000000000000e+01
1.930000000000000071e+01
1.889999999999999858e+01
1.850000000000000000e+01
1.810000000000000142e+01
1.780000000000000071e+01
1.769999999999999929e+01
1.739999999999999858e+01
1.689999999999999858e+01
1.689999999999999858e+01
1.669999999999999929e+01
1.639999999999999858e+01
1.619999999999999929e+01
1.650000000000000000e+01
1.650000000000000000e+01
1.630000000000000071e+01
1.600000000000000000e+01
1.569999999999999929e+01
1.540000000000000036e+01
1.509999999999999964e+01
1.469999999999999929e+01
1.450000000000000000e+01
1.419999999999999929e+01
1.400000000000000000e+01
1.409999999999999964e+01
1.400000000000000000e+01
1.369999999999999929e+01
1.350000000000000000e+01
1.350000000000000000e+01
1.330000000000000071e+01
1.300000000000000000e+01
1.280000000000000071e+01
1.300000000000000000e+01
1.280000000000000071e+01
1.259999999999999964e+01
1.200000000000000000e+01
1.200000000000000000e+01
1.169999999999999929e+01
1.159999999999999964e+01
1.150000000000000000e+01
1.130000000000000071e+01
1.109999999999999964e+01
1.090000000000000036e+01
1.080000000000000071e+01
1.080000000000000071e+01
1.069999999999999929e+01
1.059999999999999964e+01
1.050000000000000000e+01
1.040000000000000036e+01
1.040000000000000036e+01
1.030000000000000071e+01
1.030000000000000071e+01
1.019999999999999929e+01
1.009999999999999964e+01
1.009999999999999964e+01
1.009999999999999964e+01
1.009999999999999964e+01
1.009999999999999964e+01
1.000000000000000000e+01
9.900000000000000355e+00
1.000000000000000000e+01
1.009999999999999964e+01
1.009999999999999964e+01
1.019999999999999929e+01
1.009999999999999964e+01
1.019999999999999929e+01
1.019999999999999929e+01
1.000000000000000000e+01
9.900000000000000355e+00
9.900000000000000355e+00
9.800000000000000711e+00
9.900000000000000355e+00
9.900000000000000355e+00
1.000000000000000000e+01
1.000000000000000000e+01
1.009999999999999964e+01
1.000000000000000000e+01
1.000000000000000000e+01
9.900000000000000355e+00
9.900000000000000355e+00
9.800000000000000711e+00
9.699999999999999289e+00
9.800000000000000711e+00
9.800000000000000711e+00
9.800000000000000711e+00
9.800000000000000711e+00
9.699999999999999289e+00
9.800000000000000711e+00
9.800000000000000711e+00
9.800000000000000711e+00
9.699999999999999289e+00
9.609999999999999432e+00
9.609999999999999432e+00
9.699999999999999289e+00
9.699999999999999289e+00
9.419999999999999929e+00
9.230000000000000426e+00
9.130000000000000782e+00
9.039999999999999147e+00
9.130000000000000782e+00
9.230000000000000426e+00
9.230000000000000426e+00
9.130000000000000782e+00
8.849999999999999645e+00
8.750000000000000000e+00
8.750000000000000000e+00
8.750000000000000000e+00
9.039999999999999147e+00
8.939999999999999503e+00
9.230000000000000426e+00
9.230000000000000426e+00
9.230000000000000426e+00
9.419999999999999929e+00
9.699999999999999289e+00
9.800000000000000711e+00
9.900000000000000355e+00
9.900000000000000355e+00
9.990000000000000213e+00
1.017999999999999972e+01
1.008999999999999986e+01
9.900000000000000355e+00
9.900000000000000355e+00
9.990000000000000213e+00
9.900000000000000355e+00
9.800000000000000711e+00
9.609999999999999432e+00
9.509999999999999787e+00
9.419999999999999929e+00
9.419999999999999929e+00
9.320000000000000284e+00
9.230000000000000426e+00
9.039999999999999147e+00
9.039999999999999147e+00
8.939999999999999503e+00
9.039999999999999147e+00
8.939999999999999503e+00
8.849999999999999645e+00
8.750000000000000000e+00
8.750000000000000000e+00
8.750000000000000000e+00
8.660000000000000142e+00
8.660000000000000142e+00
8.660000000000000142e+00
8.560000000000000497e+00
8.560000000000000497e+00
8.660000000000000142e+00
8.750000000000000000e+00
8.939999999999999503e+00
9.320000000000000284e+00
9.230000000000000426e+00
9.230000000000000426e+00
9.230000000000000426e+00
9.230000000000000426e+00
9.130000000000000782e+00
8.939999999999999503e+00
8.939999999999999503e+00
9.039999999999999147e+00
8.849999999999999645e+00
8.939999999999999503e+00
8.849999999999999645e+00
8.750000000000000000e+00
8.560000000000000497e+00
8.470000000000000639e+00
8.279999999999999361e+00
8.560000000000000497e+00
8.560000000000000497e+00
8.470000000000000639e+00
8.470000000000000639e+00
8.470000000000000639e+00
8.470000000000000639e+00
8.470000000000000639e+00
8.369999999999999218e+00
8.279999999999999361e+00
8.279999999999999361e+00
8.369999999999999218e+00
8.279999999999999361e+00
8.279999999999999361e+00
8.279999999999999361e+00
8.369999999999999218e+00
8.369999999999999218e+00
8.470000000000000639e+00
8.470000000000000639e+00
8.470000000000000639e+00
8.470000000000000639e+00
8.279999999999999361e+00
8.279999999999999361e+00
8.179999999999999716e+00
8.089999999999999858e+00
8.089999999999999858e+00
8.089999999999999858e+00
8.279999999999999361e+00
8.369999999999999218e+00
8.470000000000000639e+00
8.279999999999999361e+00
8.089999999999999858e+00
8.089999999999999858e+00
8.179999999999999716e+00
8.279999999999999361e+00
8.179999999999999716e+00
8.179999999999999716e+00
8.179999999999999716e+00
8.179999999999999716e+00
8.369999999999999218e+00
8.369999999999999218e+00
8.660000000000000142e+00
8.660000000000000142e+00
8.560000000000000497e+00
8.470000000000000639e+00
8.750000000000000000e+00
8.179999999999999716e+00
8.089999999999999858e+00
8.179999999999999716e+00
8.179999999999999716e+00
8.089999999999999858e+00
7.990000000000000213e+00
7.900000000000000355e+00
7.900000000000000355e+00
7.900000000000000355e+00
7.990000000000000213e+00
7.900000000000000355e+00
7.799999999999999822e+00
7.799999999999999822e+00
7.709999999999999964e+00
7.610000000000000320e+00
7.519999999999999574e+00
7.519999999999999574e+00
7.519999999999999574e+00
7.610000000000000320e+00
7.610000000000000320e+00
7.709999999999999964e+00
7.610000000000000320e+00
7.709999999999999964e+00
7.709999999999999964e+00
7.799999999999999822e+00
7.709999999999999964e+00
7.799999999999999822e+00
7.709999999999999964e+00
7.799999999999999822e+00
7.990000000000000213e+00
7.990000000000000213e+00
7.990000000000000213e+00
7.900000000000000355e+00
7.900000000000000355e+00
7.799999999999999822e+00
7.709999999999999964e+00
7.610000000000000320e+00
7.330000000000000071e+00
7.230000000000000426e+00
7.139999999999999680e+00
7.040000000000000036e+00
7.040000000000000036e+00
6.950000000000000178e+00
6.950000000000000178e+00
6.759999999999999787e+00
6.759999999999999787e+00
6.660000000000000142e+00
6.660000000000000142e+00
6.660000000000000142e+00
6.660000000000000142e+00
6.660000000000000142e+00
6.759999999999999787e+00
7.230000000000000426e+00
6.759999999999999787e+00
6.759999999999999787e+00
6.759999999999999787e+00
6.660000000000000142e+00
6.660000000000000142e+00
6.660000000000000142e+00
6.660000000000000142e+00
6.759999999999999787e+00
6.570000000000000284e+00
6.280000000000000249e+00
6.280000000000000249e+00
6.280000000000000249e+00
6.370000000000000107e+00
6.469999999999999751e+00
6.469999999999999751e+00
6.469999999999999751e+00
6.660000000000000142e+00
6.660000000000000142e+00
6.469999999999999751e+00
6.280000000000000249e+00
6.280000000000000249e+00
6.280000000000000249e+00
6.280000000000000249e+00
6.370000000000000107e+00
6.469999999999999751e+00
6.570000000000000284e+00
6.570000000000000284e+00
6.660000000000000142e+00
6.759999999999999787e+00
6.849999999999999645e+00
6.849999999999999645e+00
6.849999999999999645e+00
6.849999999999999645e+00
6.950000000000000178e+00
7.040000000000000036e+00
6.950000000000000178e+00
6.849999999999999645e+00
6.570000000000000284e+00
6.570000000000000284e+00
6.570000000000000284e+00
6.570000000000000284e+00
6.660000000000000142e+00
6.660000000000000142e+00
6.849999999999999645e+00
6.759999999999999787e+00
6.570000000000000284e+00
6.570000000000000284e+00
6.570000000000000284e+00
6.570000000000000284e+00
6.570000000000000284e+00
6.759999999999999787e+00
6.849999999999999645e+00
7.040000000000000036e+00
7.139999999999999680e+00
7.330000000000000071e+00
7.230000000000000426e+00
6.950000000000000178e+00
7.230000000000000426e+00
7.419999999999999929e+00
7.610000000000000320e+00
7.709999999999999964e+00
7.799999999999999822e+00
7.990000000000000213e+00
7.900000000000000355e+00
7.610000000000000320e+00
7.519999999999999574e+00
7.330000000000000071e+00
7.330000000000000071e+00
7.330000000000000071e+00
7.230000000000000426e+00
7.040000000000000036e+00
7.040000000000000036e+00
7.040000000000000036e+00
7.139999999999999680e+00
7.330000000000000071e+00
7.330000000000000071e+00
7.519999999999999574e+00
7.519999999999999574e+00
7.610000000000000320e+00
7.610000000000000320e+00
7.709999999999999964e+00
7.709999999999999964e+00
7.799999999999999822e+00
7.990000000000000213e+00
8.089999999999999858e+00
7.990000000000000213e+00
7.900000000000000355e+00
7.799999999999999822e+00
7.900000000000000355e+00
7.900000000000000355e+00
8.089999999999999858e+00
8.089999999999999858e+00
7.990000000000000213e+00
7.709999999999999964e+00
7.709999999999999964e+00
7.709999999999999964e+00
7.610000000000000320e+00
7.610000000000000320e+00
7.610000000000000320e+00
7.610000000000000320e+00
7.799999999999999822e+00
7.709999999999999964e+00
7.709999999999999964e+00
7.709999999999999964e+00
7.610000000000000320e+00
7.610000000000000320e+00
7.610000000000000320e+00
7.610000000000000320e+00
7.799999999999999822e+00
7.799999999999999822e+00
7.900000000000000355e+00
7.990000000000000213e+00
8.279999999999999361e+00
8.279999999999999361e+00
8.179999999999999716e+00
8.089999999999999858e+00
8.089999999999999858e+00
8.089999999999999858e+00
7.990000000000000213e+00
8.089999999999999858e+00
8.179999999999999716e+00
8.279999999999999361e+00
8.279999999999999361e+00
8.369999999999999218e+00
8.279999999999999361e+00
8.089999999999999858e+00
7.990000000000000213e+00
7.900000000000000355e+00
7.990000000000000213e+00
7.900000000000000355e+00
7.990000000000000213e+00
8.089999999999999858e+00
8.089999999999999858e+00
8.089999999999999858e+00
8.089999999999999858e+00
7.990000000000000213e+00
7.799999999999999822e+00
7.709999999999999964e+00
7.709999999999999964e+00
7.709999999999999964e+00
7.709999999999999964e+00
7.610000000000000320e+00
7.519999999999999574e+00
7.610000000000000320e+00
7.799999999999999822e+00
7.900000000000000355e+00
7.990000000000000213e+00
7.990000000000000213e+00
8.179999999999999716e+00
7.990000000000000213e+00
7.900000000000000355e+00
7.900000000000000355e+00
7.990000000000000213e+00
7.990000000000000213e+00
7.900000000000000355e+00
8.089999999999999858e+00
8.279999999999999361e+00
8.179999999999999716e+00
8.369999999999999218e+00
8.279999999999999361e+00
8.279999999999999361e+00
8.369999999999999218e+00
8.560000000000000497e+00
8.660000000000000142e+00
8.750000000000000000e+00
8.750000000000000000e+00
8.849999999999999645e+00
8.849999999999999645e+00
9.039999999999999147e+00
9.230000000000000426e+00
9.230000000000000426e+00
9.230000000000000426e+00
9.230000000000000426e+00
9.130000000000000782e+00
9.230000000000000426e+00
9.230000000000000426e+00
9.320000000000000284e+00
9.320000000000000284e+00
9.509999999999999787e+00
9.800000000000000711e+00
9.900000000000000355e+00
9.990000000000000213e+00
1.008999999999999986e+01
9.990000000000000213e+00
9.990000000000000213e+00
1.008999999999999986e+01
1.017999999999999972e+01
1.027999999999999936e+01
1.056000000000000050e+01
1.047000000000000064e+01
1.056000000000000050e+01
1.047000000000000064e+01
1.036999999999999922e+01
1.027999999999999936e+01
1.027999999999999936e+01
1.017999999999999972e+01
1.017999999999999972e+01
1.017999999999999972e+01
1.027999999999999936e+01
1.017999999999999972e+01
9.800000000000000711e+00
9.609999999999999432e+00
9.509999999999999787e+00
9.509999999999999787e+00
9.609999999999999432e+00
9.509999999999999787e+00
9.509999999999999787e+00
9.419999999999999929e+00
9.509999999999999787e+00
9.419999999999999929e+00
9.320000000000000284e+00
9.320000000000000284e+00
9.230000000000000426e+00
9.230000000000000426e+00
9.230000000000000426e+00
9.419999999999999929e+00
9.699999999999999289e+00
1.008999999999999986e+01
9.990000000000000213e+00
9.990000000000000213e+00
9.699999999999999289e+00
9.419999999999999929e+00
8.939999999999999503e+00
8.470000000000000639e+00
8.179999999999999716e+00
8.179999999999999716e+00
8.089999999999999858e+00
8.179999999999999716e+00
8.179999999999999716e+00
8.279999999999999361e+00
8.369999999999999218e+00
8.279999999999999361e+00
8.179999999999999716e+00
8.369999999999999218e+00
8.470000000000000639e+00
8.560000000000000497e+00
8.560000000000000497e+00
8.470000000000000639e+00
8.369999999999999218e+00
8.560000000000000497e+00
8.849999999999999645e+00
8.939999999999999503e+00
9.130000000000000782e+00
9.230000000000000426e+00
9.509999999999999787e+00
9.509999999999999787e+00
9.699999999999999289e+00
9.699999999999999289e+00
9.800000000000000711e+00
1.017999999999999972e+01
1.008999999999999986e+01
1.066000000000000014e+01
1.047000000000000064e+01
1.017999999999999972e+01
1.066000000000000014e+01
1.093999999999999950e+01
1.075000000000000000e+01
1.056000000000000050e+01
1.047000000000000064e+01
1.027999999999999936e+01
1.017999999999999972e+01
1.008999999999999986e+01
1.008999999999999986e+01
1.036999999999999922e+01
1.075000000000000000e+01
1.084999999999999964e+01
1.084999999999999964e+01
1.084999999999999964e+01
1.093999999999999950e+01
1.103999999999999915e+01
1.113000000000000078e+01
1.113000000000000078e+01
1.123000000000000043e+01
1.113000000000000078e+01
1.113000000000000078e+01
1.132000000000000028e+01
1.160999999999999943e+01
1.150999999999999979e+01
1.150999999999999979e+01
1.150999999999999979e+01
1.150999999999999979e+01
1.150999999999999979e+01
1.160999999999999943e+01
1.180000000000000071e+01
1.180000000000000071e+01
1.189000000000000057e+01
1.180000000000000071e+01
1.208000000000000007e+01
1.217999999999999972e+01
1.236999999999999922e+01
1.236999999999999922e+01
1.236999999999999922e+01
1.217999999999999972e+01
1.189000000000000057e+01
1.226999999999999957e+01
1.256000000000000050e+01
1.256000000000000050e+01
1.256000000000000050e+01
1.256000000000000050e+01
1.293999999999999950e+01
1.323000000000000043e+01
1.323000000000000043e+01
1.323000000000000043e+01
1.293999999999999950e+01
1.293999999999999950e+01
1.313000000000000078e+01
1.275000000000000000e+01
1.302999999999999936e+01
1.293999999999999950e+01
1.283999999999999986e+01
1.302999999999999936e+01
1.313000000000000078e+01
1.313000000000000078e+01
1.283999999999999986e+01
1.265000000000000036e+01
1.265000000000000036e+01
1.265000000000000036e+01
1.236999999999999922e+01
1.236999999999999922e+01
1.217999999999999972e+01
1.189000000000000057e+01
1.208000000000000007e+01
1.208000000000000007e+01
1.226999999999999957e+01
1.256000000000000050e+01
1.302999999999999936e+01
1.283999999999999986e+01
1.246000000000000085e+01
