3.333333333333333287e-02
3.334780092592593004e-02
3.333333333333333287e-02
3.333333333333333287e-02
3.333333333333333287e-02
3.334743372814439472e-02
3.331942125765164492e-02
3.333333333333333287e-02
3.331881533101044984e-02
3.333333333333333287e-02
3.333333333333333287e-02
3.355426677713339162e-02
3.374827109266943098e-02
3.395311236863379073e-02
3.417788334652942239e-02
3.436836518046709060e-02
3.458737864077670449e-02
3.477905073649754236e-02
3.499999999999999639e-02
3.519624573378839910e-02
3.542914171656686567e-02
3.562176165803108974e-02
3.583545377438508012e-02
3.602650874224478522e-02
3.624718468468468568e-02
3.645833333333333565e-02
3.668122270742358443e-02
3.688285130002921103e-02
3.708668453976765589e-02
3.727872787278727756e-02
3.751509661835748799e-02
3.772189349112425871e-02
3.791169019182048100e-02
3.812759531898830129e-02
3.832813041970169893e-02
3.833497861138532303e-02
3.835091083413231378e-02
3.834306095979248680e-02
3.833333333333333037e-02
3.832991101984942195e-02
3.831615120274914355e-02
3.831615120274914355e-02
3.832304526748970402e-02
3.833164471462344181e-02
3.832487309644670020e-02
3.835179590466599592e-02
3.833164471462344181e-02
3.764510779436152504e-02
3.693737769080234629e-02
3.625592417061610645e-02
3.555045871559633225e-02
3.484565014031805463e-02
3.417602996254681669e-02
3.347057029582189286e-02
3.278322925958965239e-02
3.208516886930983664e-02
3.140520011685655338e-02
3.067958438640831439e-02
2.999725425590335157e-02
2.945060750132065530e-02
2.888548057259713794e-02
2.834338863750628448e-02
2.777777777777777624e-02
2.723481886890799855e-02
2.666409663325623389e-02
2.610134963076139389e-02
2.556596409055425512e-02
2.499999999999999792e-02
2.444710897948308356e-02
2.388535031847133575e-02
2.332551472504561241e-02
2.347883597883597753e-02
2.360757704269154933e-02
2.375599520383693194e-02
2.390243902439024085e-02
2.401960784313725630e-02
2.417640807651434687e-02
2.430910951893551844e-02
2.443910256410256054e-02
2.459016393442622905e-02
2.471624850657108685e-02
2.485513876181762519e-02
2.500769467528470361e-02
2.507716049382716084e-02
2.514231499051233776e-02
2.521008403361344255e-02
2.527322404371584730e-02
2.534911961141468953e-02
2.541741204531902318e-02
2.548330404217925838e-02
2.555555555555555705e-02
2.561863173216885267e-02
2.568644818423383713e-02
2.577243018419489093e-02
2.583108715184187151e-02
2.630805408583186331e-02
2.681410812373518152e-02
2.727952167414050832e-02
2.777777777777777624e-02
2.825588066551922017e-02
2.874564459930313565e-02
2.922453703703703845e-02
2.972538708735028221e-02
3.021191294387170004e-02
3.068450039339102806e-02
3.119463426980511114e-02
3.166023166023166496e-02
3.243208936278243332e-02
3.318019397651863350e-02
3.394824493978990804e-02
3.472780906409225071e-02
3.549107142857142738e-02
3.625491976990614235e-02
3.701241134751773187e-02
3.777292576419214593e-02
3.854166666666666852e-02
3.930678466076695937e-02
4.005998286203941994e-02
4.082774049217002127e-02
4.048927263212977884e-02
4.013791308873276148e-02
3.978576893649578977e-02
3.944698122780314342e-02
3.910950661853188765e-02
3.875147232037691458e-02
3.840106434446056982e-02
3.804614629356897065e-02
3.771421675114650790e-02
3.735422740524781821e-02
3.700382592061215309e-02
3.666422645192776719e-02
3.659742828882294602e-02
3.652535957607872669e-02
3.646227605349482842e-02
3.637965760322255798e-02
3.632315521628498578e-02
3.624298111281265555e-02
3.617945007235889854e-02
3.611500701262271990e-02
3.603603603603603572e-02
3.597676623992413641e-02
3.589078329626883834e-02
3.583701521845851501e-02
3.562668628893794071e-02
3.542914171656686567e-02
3.520695566985060365e-02
3.499046256556986173e-02
3.479257115291847086e-02
3.459343794579172737e-02
3.437724982001440222e-02
3.417041479260369413e-02
3.395971505772537452e-02
3.376004016064256680e-02
3.352984524686809104e-02
3.333333333333333287e-02
3.270202020202019749e-02
3.207911239749156040e-02
3.145773979107312907e-02
3.082358674463937451e-02
3.020265003897116066e-02
2.959129511677282068e-02
2.896856326318524022e-02
2.833572453371592872e-02
2.771739130434782220e-02
2.708638360175695536e-02
2.645985401459853906e-02
2.583333333333333315e-02
2.556681138446695659e-02
2.527180198935924382e-02
2.499999999999999792e-02
2.472278796107716878e-02
2.443991853360488742e-02
2.416273319847156431e-02
2.388603256212510836e-02
2.360192423331329212e-02
2.332931968693558247e-02
2.305961754780652337e-02
2.277864719179273009e-02
2.249913464866735990e-02
2.291556495681297545e-02
2.333157245994013293e-02
2.375068643602416471e-02
2.416006040015100317e-02
2.457892675283979492e-02
2.499999999999999792e-02
2.540999237223493315e-02
2.583718244803695149e-02
2.625309700781398858e-02
2.666100415251038136e-02
2.707631874298541130e-02
2.750146284376828523e-02
2.771156138259832716e-02
2.791213220475614876e-02
2.812499999999999722e-02
2.833137944509574180e-02
2.853550009673050739e-02
2.874774232390127013e-02
2.895172985291070977e-02
2.916934275315778355e-02
2.937964176496286536e-02
2.957906712172923835e-02
2.978197347718588087e-02
2.999772313296903206e-02
2.930463576158940167e-02
2.860858257477243149e-02
2.792436235708003686e-02
2.722613709160794093e-02
2.652914614121510903e-02
2.583539603960395906e-02
2.513693270735524454e-02
2.444134078212290354e-02
2.374646892655367381e-02
2.305239572561185515e-02
2.235876429424816722e-02
2.166582363850952375e-02
2.194304857621440577e-02
2.222781412514678381e-02
2.250260145681581836e-02
2.277924362357080026e-02
2.305425550355347589e-02
2.333505866114561622e-02
2.360591484054872305e-02
2.389215162840363157e-02
2.416095589527323881e-02
2.444323737099402330e-02
2.472730634128304447e-02
2.500470013160368751e-02
2.493511308861698014e-02
2.486446064684988411e-02
2.478873239436620024e-02
2.472023481929920552e-02
2.464912280701754554e-02
2.457716701902748144e-02
2.451761373694459623e-02
2.443541102077687391e-02
2.437236576873740013e-02
2.430156907768847921e-02
2.422839506172839649e-02
2.416981925178646184e-02
2.451874366767983759e-02
2.485291134104281041e-02
2.520964360587002115e-02
2.556584362139917646e-02
2.589453860640301627e-02
2.624458874458874061e-02
2.660642570281124275e-02
2.693989071038251082e-02
2.729973366113501443e-02
2.763949388093756357e-02
2.799104286628278926e-02
2.833647601089461787e-02
2.853739382639320157e-02
2.874999999999999778e-02
2.895392278953923260e-02
2.917452336056987339e-02
2.937763713080168704e-02
2.957505872304078479e-02
2.978494623655913998e-02
3.000213538330130311e-02
3.020282186948854142e-02
3.040687554395125891e-02
3.061785400175901298e-02
3.083725095142153538e-02
3.006430868167202577e-02
2.930227611146564437e-02
2.854838709677419081e-02
2.777777777777777624e-02
2.701495869613752820e-02
2.625882889040783916e-02
2.548158985613264982e-02
2.472727272727272621e-02
2.395833333333333495e-02
2.319109461966604654e-02
2.242834707499018546e-02
2.166863207547169504e-02
2.097902097902097987e-02
2.027777777777777651e-02
1.958485322216431748e-02
1.889054232804232916e-02
1.818783068783069029e-02
1.749717787453636264e-02
1.680904920107577707e-02
1.611135466900482163e-02
1.541425818882466436e-02
1.472584147665580850e-02
1.402352332945586144e-02
1.333085317460317408e-02
1.396005781106293524e-02
1.458507379560011231e-02
1.520760743321718927e-02
1.583333333333333467e-02
1.645958297629248820e-02
1.708097107137665494e-02
1.770974035719645803e-02
1.833563007196447811e-02
1.895548214566619358e-02
1.958601352465775755e-02
2.020602218700475253e-02
2.083333333333333218e-02
2.055651839014057194e-02
2.027519591762347653e-02
2.000000000000000042e-02
1.972861988930547927e-02
1.944149876281371647e-02
1.916932907348242732e-02
1.889263000374111559e-02
1.861078546307151291e-02
1.833059060157249745e-02
1.805849189570119320e-02
1.777886020457866353e-02
1.749585406301823812e-02
1.819279186066563234e-02
1.889009399855386476e-02
1.958309964479342316e-02
2.027161973237467246e-02
2.097470697100554948e-02
2.167072675598863060e-02
2.236261532290413287e-02
2.305377596583187486e-02
2.375500858614768354e-02
2.444714952322986704e-02
2.514600908500973578e-02
2.583768494342906716e-02
2.610183996576807830e-02
2.638708279150411840e-02
2.666896077081899741e-02
2.693305044790193434e-02
2.721886876816454262e-02
2.750597956077407980e-02
2.777777777777777624e-02
2.806176783812566397e-02
2.833441068735186030e-02
2.861111111111111494e-02
2.890047805302042860e-02
2.917182982238744615e-02
3.006923837784371625e-02
3.096780526109147932e-02
3.187886033074317782e-02
3.276699029126213525e-02
3.369140625000000000e-02
3.457507404875825863e-02
3.548022598870056304e-02
3.638418079096045199e-02
3.730381822440852896e-02
3.820197637985056627e-02
3.909465020576131933e-02
4.000531632110579383e-02
3.999475478625753172e-02
3.999227202472952630e-02
4.000511247443763047e-02
3.999495331819328398e-02
4.001059883412824703e-02
3.999453999453999459e-02
3.999453999453999459e-02
3.998384491114700956e-02
4.001103752759382209e-02
4.000266240681576296e-02
4.000000000000000083e-02
4.000698812019566619e-02
4.013396911898274577e-02
4.027777777777778040e-02
4.042850990525408833e-02
4.057017543859649938e-02
4.069277742682670534e-02
4.082612872238231688e-02
4.096920851415581516e-02
4.110429447852759904e-02
4.125412541254125376e-02
4.137894957103997046e-02
4.151253596383066430e-02
4.166666666666666435e-02
4.255765199161424400e-02
4.347133757961783168e-02
4.437229437229436857e-02
4.527012598761478296e-02
4.616895874263262506e-02
4.709901433691756484e-02
4.796965640339134057e-02
4.889258028792912297e-02
4.979743416610398626e-02
5.068606576768393962e-02
5.159028299524167499e-02
5.249087115284298971e-02
5.180014695077150150e-02
5.111840505713591276e-02
5.039920159680638667e-02
4.971773158840133572e-02
4.901960784313725422e-02
4.833064081852449928e-02
4.764885920979409356e-02
4.694137638062872292e-02
4.624070897655802731e-02
4.556040756914119666e-02
4.484433019137389759e-02
4.415322580645161810e-02
4.390115667718191145e-02
4.361245303274288720e-02
4.333868378812199412e-02
4.306095979247729494e-02
4.278567667193259455e-02
4.251567398119122237e-02
4.222720478325859422e-02
4.193586982531705837e-02
4.166666666666666435e-02
4.139957264957264821e-02
4.111312399355877834e-02
4.082541567695962409e-02
4.209107249850208704e-02
4.334121355397951153e-02
4.457249802994484034e-02
4.584615384615384204e-02
4.709663120567376265e-02
4.832546639694312862e-02
4.957522915269393926e-02
5.083996463306807850e-02
5.207628074926653333e-02
5.335157318741450688e-02
5.459770114942528313e-02
5.582865168539324907e-02
5.645161290322580488e-02
5.706964826461682211e-02
5.768766594255370778e-02
5.833951992081167631e-02
5.893682588597842775e-02
5.956956187548040349e-02
6.020733652312600798e-02
6.082770692673167973e-02
6.145833333333333010e-02
6.208524757529351734e-02
6.268939393939394755e-02
6.332046332046332993e-02
6.263102725366877233e-02
6.193151417870518261e-02
6.125293427230046883e-02
6.053391053391053017e-02
5.984042553191489672e-02
5.917874396135266307e-02
5.847701149425288403e-02
5.778084714548803458e-02
5.706188725490195929e-02
5.640502888209309590e-02
5.570409982174687885e-02
5.502512562814071417e-02
5.441690498887829380e-02
5.386875612144955555e-02
5.335507921714818108e-02
5.278506853310003383e-02
5.224596001095590386e-02
5.167748917748917620e-02
5.112316034082106664e-02
5.057555718834191166e-02
4.998776309348996333e-02
4.943806791009086599e-02
4.889258028792912297e-02
4.833012202954398845e-02
4.957321076822061162e-02
5.082005082005083135e-02
5.209063302966596837e-02
5.334249084249084033e-02
5.459183673469388681e-02
5.582137161084529953e-02
5.708706639099470764e-02
5.834479596515360078e-02
5.959064327485379814e-02
6.084939329050678691e-02
6.210346510492922856e-02
6.334563345633456577e-02
6.311044327573252233e-02
6.293706293706294308e-02
6.268882175226586639e-02
6.250000000000000000e-02
6.228824602554079021e-02
6.210756210756210316e-02
6.185567010309278579e-02
6.166387959866220098e-02
6.146523178807947185e-02
6.125131440588854614e-02
6.104117492787831251e-02
6.081989247311828106e-02
5.983733539891556569e-02
5.890804597701149170e-02
5.791697738006462703e-02
5.694648993618064980e-02
5.598866052445074931e-02
5.500568828213878853e-02
5.404040404040404838e-02
5.306712962962962382e-02
5.209084354722422899e-02
5.110173464603844778e-02
5.015483300154832680e-02
4.916882556131260684e-02
4.993429697766096909e-02
5.069537909376401613e-02
5.146082337317397365e-02
5.223311546840958552e-02
5.297500552975004801e-02
5.375982042648708853e-02
5.451341518872215158e-02
5.527383367139959702e-02
5.604820372896771041e-02
5.682605682605682690e-02
5.754672344452330113e-02
5.833333333333334120e-02
5.783582089552238847e-02
5.736761320030698413e-02
5.689164727178691594e-02
5.638953040800614991e-02
5.588235294117647328e-02
5.541905541905540328e-02
5.495459401709401615e-02
5.445991234854343638e-02
5.397367754998733808e-02
5.348355348355348510e-02
5.298841495523960027e-02
5.250783699059560772e-02
5.174332344213649487e-02
5.098605098605098890e-02
5.020516533912623008e-02
4.942780618456293906e-02
4.870052455889365556e-02
4.791371994342291663e-02
4.716285924834193177e-02
4.637681159420289217e-02
4.561653599429793537e-02
4.484933426769446146e-02
4.410751206064782853e-02
4.334748761500353820e-02
4.583333333333333703e-02
4.834905660377358111e-02
5.083266183185602971e-02
5.332809224318658253e-02
5.581297388374053398e-02
5.831157528285465380e-02
6.084776663628075483e-02
6.331513497118591849e-02
6.584549878345498375e-02
6.831091180866966095e-02
7.082958969751422529e-02
7.335190343546889313e-02
7.782782782782782238e-02
8.234872896527030417e-02
8.683712121212121271e-02
9.139459895203548567e-02
9.596273291925465354e-02
1.003861003861003937e-01
1.049340609367894611e-01
1.094632768361581965e-01
1.139359698681732397e-01
1.184710351377018106e-01
1.229527938342967336e-01
1.274050962038481560e-01
1.257886435331230512e-01
1.239703459637561678e-01
1.223711882229232550e-01
1.205310199789695197e-01
1.188942565754159825e-01
1.171591498185588359e-01
1.153543307086614123e-01
1.135516506922257668e-01
1.118457300275482041e-01
1.101549053356282309e-01
1.084411583487369102e-01
1.067168863779033305e-01
1.046747967479674801e-01
1.026810392482034179e-01
1.006080707573244887e-01
9.865900383141762431e-02
9.657320872274144374e-02
9.463922764227643281e-02
9.257889546351084908e-02
9.062649450023912978e-02
8.862247296661966700e-02
8.652575957727871858e-02
8.448637316561845301e-02
8.249791144527986175e-02
8.207862818904224089e-02
8.167495854063018534e-02
8.123249299719886851e-02
8.082851637764933150e-02
8.037634408602149783e-02
8.003128258602711098e-02
7.956827309236946810e-02
7.913990007137758353e-02
7.878628891220706976e-02
7.836809003641179161e-02
7.790776534418446253e-02
7.751129648939868166e-02
7.656954561220950806e-02
7.567264573991031029e-02
7.479296066252587305e-02
7.388316151202749260e-02
7.300724637681160756e-02
7.205240174672489228e-02
7.118430525557956079e-02
7.029226785053643844e-02
6.940035273368606872e-02
6.847410497045533506e-02
6.753340556157456931e-02
6.668625146886016097e-02
6.309904153354632672e-02
5.960824045930428888e-02
5.604431410883023434e-02
5.249164387724095798e-02
4.895489548954895520e-02
4.541042706600110362e-02
4.185897435897436430e-02
3.833808844507845953e-02
3.479679932617393140e-02
3.124417086364484133e-02
2.771235672790076446e-02
2.416369165674996447e-02
2.694124594036020545e-02
2.973059142356129433e-02
3.249370277078085512e-02
3.526632302405498937e-02
3.805317630264096890e-02
4.084493426140758249e-02
4.361418614186141074e-02
4.639554434636402463e-02
4.915364583333333565e-02
5.192911619560341280e-02
5.472636815920398079e-02
5.752096436058699164e-02
5.952380952380952744e-02
6.152214266772738221e-02
6.352735111829695136e-02
6.554307116104868269e-02
6.758652946679140350e-02
6.956956956956956983e-02
7.160625444207534274e-02
7.360959651035986484e-02
7.563103192279138631e-02
7.762954369682907585e-02
7.967244701348746849e-02
8.170871559633027803e-02
8.130755064456721137e-02
8.096020445418034006e-02
8.064516129032257841e-02
8.030990173847316060e-02
7.993582483956210294e-02
7.955383480825960196e-02
7.921052631578946734e-02
7.885849375211077816e-02
7.857628270472306886e-02
7.819458718739294434e-02
7.784237726098190702e-02
7.753357753357753568e-02
7.971669680530439617e-02
8.195084485407065633e-02
8.414318108195660562e-02
8.644466868483013933e-02
8.859385437541750230e-02
9.081735620585268398e-02
9.305835010060363455e-02
9.527439024390244038e-02
9.747628726287262124e-02
9.978180597515945438e-02
1.019627411842980863e-01
1.041457706452691423e-01
1.040638367884172411e-01
1.040229885057471354e-01
1.040345313601127586e-01
1.038726022439377394e-01
1.038074712643678316e-01
1.037170263788968622e-01
1.037146614069690970e-01
1.035353535353535220e-01
1.035447761194029787e-01
1.035305343511450232e-01
1.034023204766384291e-01
1.033241421568627388e-01
1.024464831804281356e-01
1.014557338086749666e-01
1.006823461091753691e-01
9.976130300477394075e-02
9.887005649717513223e-02
9.793475401210209597e-02
9.696738022426094894e-02
9.610311750599520586e-02
9.525416104363472469e-02
9.436524100475220111e-02
9.340779675865089338e-02
9.249841068022886248e-02
9.443007972419736884e-02
9.622222222222222288e-02
9.805501826778423302e-02
9.997938569367138817e-02
1.018122581958867817e-01
1.037303664921466057e-01
1.056695345245973888e-01
1.075233746466623258e-01
1.093040066088393214e-01
1.112484548825710823e-01
1.131057484794977391e-01
1.149682161303138411e-01
1.165822547364471912e-01
1.181895573212258660e-01
1.198623680241327344e-01
1.214217098943323747e-01
1.230341388569236721e-01
1.245950066704783615e-01
1.261740209108630217e-01
1.277806079130582584e-01
1.293174681870765119e-01
1.309657495788882631e-01
1.325347758887171490e-01
1.341861048407323731e-01
1.297824007651841305e-01
1.252442996742671177e-01
1.208358570563294876e-01
1.164471276984998388e-01
1.118900729108244785e-01
1.075139888089528400e-01
1.030534351145038080e-01
9.860557768924300970e-02
9.416349465289107490e-02
8.974358974358975782e-02
8.523076923076923495e-02
8.083176985616009891e-02
7.833333333333333814e-02
7.583774250440918074e-02
7.333500669344042433e-02
7.082886745266166184e-02
6.831617086193744748e-02
6.582194381169324815e-02
6.331742665252738933e-02
6.083683473389356333e-02
5.833333333333334120e-02
5.582788671023964505e-02
5.334771000205381503e-02
5.081888246628130795e-02
4.944007624493686887e-02
4.806120065405278946e-02
4.666666666666666186e-02
4.527104959630911390e-02
4.389738687061822686e-02
4.251336898395721708e-02
4.109251968503936647e-02
3.971518987341771806e-02
3.832590942835931852e-02
3.694479036944790795e-02
3.556295399515738836e-02
3.417518540789737935e-02
3.437075819274771488e-02
3.458388667552014101e-02
3.479669347631814819e-02
3.501016260162601729e-02
3.521518183261870827e-02
3.541240627130198132e-02
3.562365182083492010e-02
3.583904339647991238e-02
3.604524393567729718e-02
3.625664388762338958e-02
3.646532438478746613e-02
3.666519564577817164e-02
3.701362550920072464e-02
3.735973597359736054e-02
3.771597134428992387e-02
3.805938937682978168e-02
3.839830906528887006e-02
3.874337386966011931e-02
3.910637594978527004e-02
3.943491072976252482e-02
3.978494623655914192e-02
4.014172945819877852e-02
4.047870468145018524e-02
4.082892416225749471e-02
4.748717948717948167e-02
5.414857694163049268e-02
6.083622685185185314e-02
6.304044630404463667e-02
6.526104417670683389e-02
6.752068321323724531e-02
6.613263785394933592e-02
6.471994535519125236e-02
6.331806282722513002e-02
6.335034013605442271e-02
6.332556332556331380e-02
6.332556332556331380e-02
6.416713299757507982e-02
6.501340482573726709e-02
6.583377636009214717e-02
6.831955922865014241e-02
7.081825492561319435e-02
7.334731376073495845e-02
7.499518025833816492e-02
7.666666666666666075e-02
7.835383714118336618e-02
8.056668574699485386e-02
8.276125095347063032e-02
8.497708706913727206e-02
8.751243781094526775e-02
8.999204929437487621e-02
9.248466257668712387e-02
9.418604651162791608e-02
9.583628214201461715e-02
9.748192470705561996e-02
9.891356255969435685e-02
1.002875629043853273e-01
1.016553480475381882e-01
9.916020671834624434e-02
9.661835748792269030e-02
9.418803418803417538e-02
8.976190476190476497e-02
8.526413345690453394e-02
8.082470994042019463e-02
7.526636225266362945e-02
6.971221011455715211e-02
6.416540975364505572e-02
5.999999999999999778e-02
5.584285973507530088e-02
5.167106420404573436e-02
5.222328854766475348e-02
5.276970284237725989e-02
5.332829046898638486e-02
5.529016277423920434e-02
5.721668512366187564e-02
5.916905444126074887e-02
6.057046979865771813e-02
6.193470108096183618e-02
6.333111702127659781e-02
6.471043324491600190e-02
6.609392898052691978e-02
6.748044810822236006e-02
6.998697916666667129e-02
7.251602564102564707e-02
7.502426006792818625e-02
7.747543461829176081e-02
7.999476302697040853e-02
8.251833740831296393e-02
8.388022969647251914e-02
8.526756931012251239e-02
8.664874551971325778e-02
8.781645569620254166e-02
8.891213389121338517e-02
9.002371273712737876e-02
8.914921900963775070e-02
8.832046332046332437e-02
8.748753738783648926e-02
8.774118429807054031e-02
8.805199430199429911e-02
8.830315938942136234e-02
8.916019237883833493e-02
9.001527300496371675e-02
9.087523277467411675e-02
9.364731653888279383e-02
9.635711589278973810e-02
9.910956252419667045e-02
9.833933573429370911e-02
9.748231377444860346e-02
9.668874172185430715e-02
9.337097448766207286e-02
8.999167707032874886e-02
8.661584074544682876e-02
8.495882097962721702e-02
8.333333333333332871e-02
8.166666666666666519e-02
8.053691275167786101e-02
7.944876063633000973e-02
7.836764174792343329e-02
8.081859174471038576e-02
8.333333333333332871e-02
8.585858585858585634e-02
8.695277490520510189e-02
8.802700922266139261e-02
8.913043478260869457e-02
9.002203336480957274e-02
9.081882065383439784e-02
9.166666666666666019e-02
9.107669616519172007e-02
9.058641975308641403e-02
9.001501501501502078e-02
8.608695652173914414e-02
8.224448315911729590e-02
7.835107835107835150e-02
7.806324110671936101e-02
7.778218345228654629e-02
7.750448373046374406e-02
7.722785138997141641e-02
7.697201017811704238e-02
7.667634955216655335e-02
7.613024127430310928e-02
7.554847841472045467e-02
7.499999999999999722e-02
7.581630256048861594e-02
7.669298875329026710e-02
7.747811686775490925e-02
7.833914053426248303e-02
7.918654851170188469e-02
8.000229726625315840e-02
8.111792774369461223e-02
8.222370173102530599e-02
8.333333333333332871e-02
8.305237131939761930e-02
8.277517302969412960e-02
8.250000000000000389e-02
8.165083135391924818e-02
8.081957882754695066e-02
8.000923361034163739e-02
7.833420274734827216e-02
7.667175831636116601e-02
7.499144421629021229e-02
7.334905660377359637e-02
7.168046611468874285e-02
6.999698613622663823e-02
7.138902072456890235e-02
7.276763690182534716e-02
7.414504716981130950e-02
7.889388104407359104e-02
8.361794171220400529e-02
8.835552441018452996e-02
9.416790490341753195e-02
9.997468995191090280e-02
1.058068118369625971e-01
1.106060606060605966e-01
1.152362584378013449e-01
1.199482702877465168e-01
1.230493133583021176e-01
1.260600130463144231e-01
1.291152263374485687e-01
1.308434959349593363e-01
1.325520833333333204e-01
1.341006423982869233e-01
1.370103473762010471e-01
1.397146254458977166e-01
1.425438596491228338e-01
1.466666666666666674e-01
1.508781763826606837e-01
1.550516224188790704e-01
1.607912260086173384e-01
1.666666666666666574e-01
1.725799386771791344e-01
1.786975717439293898e-01
1.846618357487922468e-01
1.909250879839115012e-01
1.933534743202416639e-01
1.956809750927397673e-01
1.984824281150159575e-01
1.988514957264957417e-01
1.992988133764832803e-01
2.000286368843069706e-01
1.996753246753246724e-01
1.994001043296818043e-01
1.992026748971193195e-01
1.973422752111276823e-01
1.954148471615720639e-01
1.933146330060776241e-01
1.948291782086795931e-01
1.961924304605563441e-01
1.975182149362477435e-01
2.022675736961451198e-01
2.068192014356213804e-01
2.116079494128274563e-01
2.168163672654690455e-01
2.216209716209716352e-01
2.268188302425106773e-01
2.299768518518518767e-01
2.334039548022598665e-01
2.368105515587529963e-01
2.362967914438502681e-01
2.362542955326460692e-01
2.359293193717277581e-01
2.326963906581741293e-01
2.295854271356783938e-01
2.267466329966330019e-01
2.207125603864734387e-01
2.150507328072153446e-01
2.092691622103386717e-01
2.073127440539580812e-01
2.052603036876355647e-01
2.034237052485227959e-01
2.021899030424607335e-01
2.011348238482384698e-01
2.000168010752687853e-01
1.984286191909060415e-01
1.965705765407554650e-01
1.949776071657069731e-01
1.955098222637979555e-01
1.961059190031152755e-01
1.966666666666666841e-01
1.978147423352902834e-01
1.988401652367333960e-01
1.999999999999999833e-01
2.008901166359730039e-01
2.015902712815715592e-01
2.024143302180685389e-01
2.046885354539430268e-01
2.069999999999999896e-01
2.092068483577917692e-01
2.101938386985115759e-01
2.114984391259105145e-01
2.123950346841912973e-01
2.113756613756613556e-01
2.102643323034671941e-01
2.092180653859116723e-01
2.102741988767757031e-01
2.113385315139701126e-01
2.124920025591810757e-01
2.143854748603351845e-01
2.164707655213984339e-01
2.184012066365007554e-01
2.185233536408471011e-01
2.188746438746438649e-01
2.191332218506131246e-01
2.231003882418192141e-01
2.269272529858848975e-01
2.309165346011622100e-01
2.361995753715498969e-01
2.414041994750656395e-01
2.466882941335496182e-01
2.539682539682539542e-01
2.611111111111111271e-01
2.684210526315789491e-01
2.744984567901234129e-01
2.806216931216931054e-01
2.866563227307990513e-01
2.917013022998060645e-01
2.965822116653470397e-01
3.017424847033785551e-01
3.035616061606160598e-01
3.054867986798679991e-01
3.074980574980575310e-01
3.049631886265549152e-01
3.025221008840353609e-01
3.000648508430610040e-01
2.960670065549890762e-01
2.921788382742829815e-01
2.882816346627277704e-01
2.869198312236286852e-01
2.856429463171036298e-01
2.841409691629955825e-01
2.837956021989005428e-01
2.836726703210649680e-01
2.833333333333333814e-01
2.839762985375692828e-01
2.843423292000972213e-01
2.850719424460431140e-01
2.862960339943342869e-01
2.878673700075358166e-01
2.892659826361483888e-01
2.863888888888889150e-01
2.835160202360877402e-01
2.807713728766360051e-01
2.743528155858019901e-01
2.679916861522473326e-01
2.616828237633606613e-01
2.558617355571670693e-01
2.499428048501487198e-01
2.442152368478498203e-01
2.428179129700042127e-01
2.413479052823315485e-01
2.399999999999999911e-01
2.402848519147330608e-01
2.405167674546453693e-01
2.408157752566180421e-01
2.469366009589770705e-01
2.530025868440503034e-01
2.591362126245846942e-01
2.671720007486431125e-01
2.752136752136751796e-01
2.833333333333333814e-01
2.841514459665144821e-01
2.849740932642486624e-01
2.858789336540388804e-01
2.847721822541966485e-01
2.835414189456995637e-01
2.825296593953310342e-01
2.824669003115264920e-01
2.825734549138804730e-01
2.825015403573629125e-01
2.789289289289289542e-01
2.752192982456140302e-01
2.717350037965072240e-01
2.719657120592246513e-01
2.722061657032754933e-01
2.725238663484486623e-01
2.725197808886183348e-01
2.725530660377358250e-01
2.725004797543656987e-01
2.675627240143368946e-01
2.624535629854778951e-01
2.575100401606426059e-01
2.558690920398009605e-01
2.542048929663608403e-01
2.524622960911049874e-01
2.530549110595514128e-01
2.536671157012423405e-01
2.541950113378684817e-01
2.580449301760777137e-01
2.619784756007666471e-01
2.658218467467022283e-01
2.708627450980392037e-01
2.758918749017758576e-01
2.808005752636625330e-01
2.835416666666666363e-01
2.863702491362066227e-01
2.891973383239758721e-01
2.909007352941176405e-01
2.925414917016596617e-01
2.941773179143842287e-01
2.981422505307855797e-01
3.019513176423254674e-01
3.057996485061511560e-01
3.070026425066063047e-01
3.080949710226211224e-01
3.091807909604519788e-01
3.127729257641921889e-01
3.164591229020032870e-01
3.199616648411828801e-01
3.233614232209737205e-01
3.266151297625621841e-01
3.299365942028985588e-01
3.316530426884650162e-01
3.332415565345080988e-01
3.350045167118337885e-01
3.394157343278281225e-01
3.439555555555555699e-01
3.483642793987620778e-01
3.524691358024691357e-01
3.566631318487098468e-01
3.608562691131498301e-01
3.648079957916885441e-01
3.685724559510967779e-01
3.724991068238656666e-01
3.747129482423599556e-01
3.769190047644255803e-01
3.792231255645889809e-01
3.827555555555555711e-01
3.863798325316230020e-01
3.900718778077268412e-01
3.943428366505289939e-01
3.989276139410187771e-01
4.033390248529691302e-01
4.071250479478327744e-01
4.111523103251568112e-01
4.149489322191271534e-01
4.207642725598526035e-01
4.266203703703703720e-01
4.326070552725900242e-01
4.366460789818453758e-01
4.408770928462709127e-01
4.451121794871794601e-01
4.482286161675474445e-01
4.516968561315843900e-01
4.550549915397630873e-01
4.564986173154648164e-01
4.578224341507721173e-01
4.592186024551463963e-01
4.604226361031518167e-01
4.613237639553428582e-01
4.626279863481228549e-01
4.596668843892880996e-01
4.569993722536095926e-01
4.540930327036360459e-01
4.509220701963116973e-01
4.475541376643465408e-01
4.442662779397474337e-01
4.434115179252479666e-01
4.426175754169008880e-01
4.416021386430679097e-01
4.423788383277839631e-01
4.432644469957902067e-01
4.441648023862789230e-01
4.472049689440993903e-01
4.501488095238095344e-01
4.532458282458282639e-01
4.568767908309456227e-01
4.605213626952757711e-01
4.642461197339246559e-01
4.666852782430672142e-01
4.690667431631287410e-01
4.716014897579143827e-01
4.744925946242457560e-01
4.770957812782907759e-01
4.799891833423472476e-01
4.815864022662890154e-01
4.833333333333333370e-01
4.850527549824150131e-01
4.854322407513896320e-01
4.861498419780628244e-01
4.865528072241853130e-01
4.880952380952379710e-01
4.892975893599335602e-01
4.907061266874350736e-01
4.877450980392156743e-01
4.847339782345828074e-01
4.817576142131980155e-01
4.775274957698815714e-01
4.731813246471226475e-01
4.690476190476191021e-01
4.660052049446974931e-01
4.629900170440711116e-01
4.601290479668858069e-01
4.555956678700361362e-01
4.512392865415797982e-01
4.465714903742158959e-01
4.402525568774786069e-01
4.338068766728432890e-01
4.275878442545109070e-01
4.299576894775569702e-01
4.325227151256012537e-01
4.350104821802935340e-01
4.377018527961924477e-01
4.405133541449878787e-01
4.434364994663821391e-01
4.464285714285713969e-01
4.494361249768903388e-01
4.523939559439287272e-01
4.601305334846765294e-01
4.674526400644901103e-01
4.749521072796935584e-01
4.779751989635387388e-01
4.811562385656787399e-01
4.840884573894283505e-01
4.885057471264368512e-01
4.931318681318681563e-01
4.975124378109452850e-01
5.021547685965899177e-01
5.068493150684931781e-01
5.115974560419004336e-01
5.195297686765264489e-01
5.273043796958034601e-01
5.350637522768669774e-01
5.454210429334808152e-01
5.562049483732710575e-01
5.666465013107481186e-01
5.784560520243339221e-01
5.904384225600352032e-01
6.022988505747126631e-01
6.152593626424749385e-01
6.281771968046477861e-01
6.409322651128913639e-01
6.540385989992851812e-01
6.671899529042386590e-01
6.797188755020080464e-01
6.857163242009133297e-01
6.909937888198758316e-01
6.963979416809604750e-01
7.075298438934801704e-01
7.178194044188280776e-01
7.285783836416749315e-01
7.384543761638734383e-01
7.489164696611504413e-01
7.589126559714794995e-01
7.534722222222222099e-01
7.472916666666665764e-01
7.412687886825817252e-01
7.285140562248995089e-01
7.162017167381974359e-01
7.045072317524385674e-01
6.908023483365948181e-01
6.770363691012923901e-01
6.632213608957795437e-01
6.576365187713310023e-01
6.522831050228310446e-01
6.467308279865566778e-01
6.520170789163721725e-01
6.578293894244814366e-01
6.635248354278874272e-01
6.828821206993795911e-01
7.021217197096594198e-01
7.219365895458440541e-01
7.377642629597452872e-01
7.543231961836612820e-01
7.705116560702390816e-01
7.794733692399761216e-01
7.875876791704787827e-01
7.956259426847661631e-01
8.056609740670462871e-01
8.156028368794326910e-01
8.254493850520340237e-01
8.309317963496637427e-01
8.349867724867724439e-01
8.400133600534401834e-01
8.491941015089162770e-01
8.590814196242172462e-01
8.682231549492831491e-01
8.761804826862539253e-01
8.844553022077451532e-01
8.920096403411198471e-01
8.978927203065133478e-01
9.020283199387676420e-01
9.069992266047951501e-01
9.083132045088567752e-01
9.087009803921568540e-01
9.104141041410412916e-01
9.186484344034878680e-01
9.277142857142856025e-01
9.354406130268199115e-01
9.450602878257486905e-01
9.546122748989342988e-01
9.641796585003712394e-01
9.851155503329415142e-01
1.006696428571428603e+00
1.028134360290971383e+00
1.054462774957698690e+00
1.081351827388815634e+00
1.107791057990261008e+00
1.126931567328918193e+00
1.146321839080459926e+00
1.165749656121045641e+00
1.183725218994928552e+00
1.201342281879194784e+00
1.219676549865229109e+00
1.224800750117205794e+00
1.232762719923918171e+00
1.239080459770115050e+00
1.250563824988723649e+00
1.262593079281646880e+00
1.273722627737226443e+00
1.264113892979872311e+00
1.255244755244755206e+00
1.245110821382007904e+00
1.237092110698058578e+00
1.228122513922036418e+00
1.220100308641975273e+00
1.224604966139954731e+00
1.230504171200580421e+00
1.234739178690344108e+00
1.228750923872875100e+00
1.221461187214611943e+00
1.214442013129102715e+00
1.226725082146768786e+00
1.238713318284424325e+00
1.251418842224744532e+00
1.258284600389863339e+00
1.264637002341920446e+00
1.272043010752688108e+00
1.275010642826734708e+00
1.277015793848711667e+00
1.279983457402812164e+00
1.264553686934023258e+00
1.248909249563699975e+00
1.234402852049910626e+00
1.216018402342116334e+00
1.199011124845488441e+00
1.181093884582256726e+00
1.164325244785014979e+00
1.147009619406106351e+00
1.129568106312292430e+00
1.104728604728604680e+00
1.078569197125898160e+00
1.053188274403143110e+00
1.047473867595818842e+00
1.041134751773049816e+00
1.035023167075497463e+00
1.039688818565400741e+00
1.044690603514132787e+00
1.048915784165405984e+00
1.068868407578084989e+00
1.088763743631000258e+00
1.108459294616812363e+00
1.128836833602584688e+00
1.149137451307735036e+00
1.168941979522184260e+00
1.203703703703703720e+00
1.237802958766131667e+00
1.272227610733915215e+00
1.297760210803689196e+00
1.323529411764705843e+00
1.350088183421516819e+00
1.359791216702663563e+00
1.370000000000000107e+00
1.380026586905948927e+00
1.381623071763916855e+00
1.384448884448884698e+00
1.386080215706100516e+00
1.380308880308880326e+00
1.372950819672131173e+00
1.365296803652968238e+00
1.343750000000000000e+00
1.322603719599427796e+00
1.300964187327823707e+00
1.290560471976401224e+00
1.279907558455682492e+00
1.268955059277639963e+00
1.252354048964218203e+00
1.234683670917729570e+00
1.217406624383368774e+00
1.214985994397759006e+00
1.212422634836427981e+00
1.209895833333333393e+00
1.215277777777777901e+00
1.220823095823095672e+00
1.225519584332533940e+00
1.229524979524979411e+00
1.233635448136958690e+00
1.237279335410176540e+00
1.227253928866832045e+00
1.217222884386173876e+00
1.206561832653853417e+00
1.223857116416805502e+00
1.241162955107811827e+00
1.258389261744966348e+00
1.239502999143102135e+00
1.220449172576832275e+00
1.201754385964912242e+00
1.241790805702386757e+00
1.281512605042016473e+00
1.321967811514849878e+00
1.367096018735362906e+00
1.412918108419838559e+00
1.458484628419268958e+00
1.488944365192581998e+00
1.518950094161958697e+00
1.549451831117331535e+00
1.634304207119741115e+00
1.719715283373623338e+00
1.806111555911395605e+00
1.835106382978723305e+00
1.865449915110356516e+00
1.894260672886627361e+00
1.923183582917359802e+00
1.951887064246614623e+00
1.979524627720503860e+00
2.012126339537506858e+00
2.046783625730994149e+00
2.079425973287865492e+00
2.087130626898646923e+00
2.094342140378969486e+00
2.100856697819314611e+00
2.059444030776867773e+00
2.016992551210428530e+00
1.974192814915870953e+00
1.950808625336927227e+00
1.928571428571428603e+00
1.906167979002624691e+00
1.872493941396783379e+00
1.839512358049431917e+00
1.805697823303457072e+00
1.795010615711252866e+00
1.782987171655467273e+00
1.771828908554572202e+00
1.784800713860797083e+00
1.797945205479452246e+00
1.811451872271996555e+00
1.801079052310579298e+00
1.789793369663941869e+00
1.777795803590741963e+00
1.767046688382193365e+00
1.756156680240449575e+00
1.744844394450693281e+00
1.702906350914962452e+00
1.659597822269055278e+00
1.617453394903369590e+00
1.573278715657067117e+00
1.529217719132893505e+00
1.484890320601319091e+00
1.433526011560693592e+00
1.382036957455951898e+00
1.330695985751472854e+00
1.337189870163260075e+00
1.342968749999999822e+00
1.349231584525702132e+00
1.372860223749831521e+00
1.396666666666666723e+00
1.420563674321503100e+00
1.448387772194305034e+00
1.475741525423728717e+00
1.503160919540230012e+00
1.532545697726259482e+00
1.561908983451536725e+00
1.590855974291557118e+00
1.611962962962963042e+00
1.632298595713229661e+00
1.653298075510504006e+00
1.638851901168811631e+00
1.625237260914002002e+00
1.610799539833189575e+00
1.640588321596244237e+00
1.670824135393671916e+00
1.700888888888888895e+00
1.742151119122727687e+00
1.783364154723378059e+00
1.823821825583215928e+00
1.847039987503904968e+00
1.869568664763717081e+00
1.892793013385569489e+00
1.961535087719298298e+00
2.031081081081080875e+00
2.099861495844875137e+00
2.159395331037121668e+00
2.218272171253822478e+00
2.276965086795396775e+00
2.368310866013071614e+00
2.459507042253521458e+00
2.549227150537634490e+00
2.603816879337362611e+00
2.657842488418266313e+00
2.712596259625962514e+00
2.764587415632484113e+00
2.816182795698924490e+00
2.868272707934482302e+00
2.890323584318606365e+00
2.910212367270455847e+00
2.931965552178318557e+00
2.898369132856005947e+00
2.863675706866704918e+00
2.829511970534069665e+00
2.831950589970501753e+00
2.833944153577661051e+00
2.836533403471856563e+00
2.861052166224579807e+00
2.884947643979057563e+00
2.909051348999129871e+00
2.939348302300109239e+00
2.968996415770609243e+00
2.999466666666666725e+00
3.076578947368421080e+00
3.151970865467009109e+00
3.227592496091714391e+00
3.269414575866188333e+00
3.311722249875559854e+00
3.352632469950905136e+00
3.361184442097852720e+00
3.370105177993527601e+00
3.379184019743945555e+00
3.381907894736841502e+00
3.384581690757775263e+00
3.386166522116218491e+00
3.361464517953067332e+00
3.335180448991190261e+00
3.309843169624432591e+00
3.305063812268423273e+00
3.300257898130238399e+00
3.295476802546211115e+00
3.279665015333804945e+00
3.263898704358068503e+00
3.247743788091889794e+00
3.223467112597547146e+00
3.198273809523808797e+00
3.173631840796019787e+00
3.163204656862745434e+00
3.152699724517906699e+00
3.142295099281791071e+00
3.161122924260833855e+00
3.179726558514436974e+00
3.198712189278227314e+00
3.271470588235294130e+00
3.344556593351411422e+00
3.418501861042182899e+00
3.500076034063260177e+00
3.581229092478687814e+00
3.662804268089363546e+00
3.779977901837636711e+00
3.897668684151535334e+00
4.014048100696785859e+00
4.090880394857667746e+00
4.169278338136407136e+00
4.245290239020369505e+00
4.272982456140350216e+00
4.299987874378562225e+00
4.326349431818181657e+00
4.376114081996434813e+00
4.425753783815993714e+00
4.474670811997073727e+00
4.371509433962263991e+00
4.269021065675341120e+00
4.166447533183069929e+00
4.040018148820326616e+00
3.912711254944264638e+00
3.786238825031928101e+00
3.546256556986170594e+00
3.306188840308140087e+00
3.065810315810315601e+00
2.830536755029140483e+00
2.594671950682518879e+00
2.359168925022583796e+00
2.258706780798925617e+00
2.158184319119670125e+00
2.057598303500827175e+00
2.057992202729044706e+00
2.057942562261611208e+00
2.058427888389352756e+00
2.115061249334246440e+00
2.171878773243177907e+00
2.228419479606188247e+00
2.319752515917026248e+00
2.411856433026746682e+00
2.503201799930771632e+00
2.435676014591883654e+00
2.367389946924757904e+00
2.299222665439295987e+00
2.375225368543854021e+00
2.450895994378074594e+00
2.526952005730658701e+00
2.644177064765299789e+00
2.761921624173748757e+00
2.878787878787878896e+00
2.991380349608197875e+00
3.103531551875548633e+00
3.215493313146605914e+00
3.497407407407407742e+00
3.779337652987761587e+00
4.061945572094422197e+00
4.152075084323214149e+00
4.242208370436331144e+00
4.334335955576122501e+00
4.448736065316375665e+00
4.562975835815954895e+00
4.680052883820855492e+00
4.723432427814794998e+00
4.768523384130320508e+00
4.813350559862187517e+00
4.836406926406926488e+00
4.858437240232751364e+00
4.879597981770833037e+00
4.925004168751042855e+00
4.971117188794961450e+00
5.018901209677419928e+00
5.101778829302489271e+00
5.187004754358161662e+00
5.273026315789473450e+00
5.360701754385964968e+00
5.449919871794872250e+00
5.540130151843817963e+00
5.630952380952380487e+00
5.725384045900423935e+00
5.820282235749861144e+00
5.897113078767755034e+00
5.976825842696629643e+00
6.056835205992509685e+00
6.106593509660477537e+00
6.156977854142802187e+00
6.208729686880698040e+00
6.322697170379290021e+00
6.434463107378523894e+00
6.548101769032001584e+00
6.628646441073512641e+00
6.712296983758701430e+00
6.791426927502878463e+00
6.836405529953918148e+00
6.883933676386507550e+00
6.929422773837667471e+00
6.977688787185354791e+00
7.027250744047619513e+00
7.076977005047673686e+00
6.902278503994190295e+00
6.726877543470217269e+00
6.549081364829395291e+00
6.204303675048357114e+00
5.860123338138715887e+00
5.515361670395226845e+00
5.353991922957439975e+00
5.193460594909536709e+00
5.031866116460339988e+00
4.782488833054159727e+00
4.530608291359938811e+00
4.280767266692199868e+00
4.129976350019707532e+00
3.980214933532116195e+00
3.829777190332326331e+00
2.965956404604457308e+00
2.103077069638944252e+00
1.239911834520176281e+00
1.017228411601560856e+00
7.944885152735023937e-01
5.716604753707227315e-01
5.897302183284661714e-01
6.077817290336484657e-01
6.258244134501027567e-01
7.655345047609699582e-01
9.052626860319167301e-01
1.044967987194877823e+00
2.112337765115543053e+00
3.180375306909855926e+00
4.248469543924089820e+00
4.523268921095008110e+00
4.799753216992773019e+00
5.076899347787766636e+00
5.248641066105557584e+00
5.419364161849710371e+00
5.590092879256965297e+00
5.724130619168786183e+00
5.856927386339150665e+00
5.990177236814008488e+00
6.140356394129978135e+00
6.291404282115869329e+00
6.446157840083073687e+00
6.557361963190182941e+00
6.664245359160613447e+00
6.777275561097257928e+00
6.845105901706765472e+00
6.918476013234077016e+00
6.988545059717697683e+00
7.074471492632928182e+00
7.162859560067681208e+00
7.246172839506173524e+00
7.247958693563880672e+00
7.248345153664303098e+00
7.245454545454545148e+00
7.288612418740193277e+00
7.332953806115810380e+00
7.378585086042065200e+00
7.358970276008492739e+00
7.343791064388962120e+00
7.328239202657807816e+00
7.287138263665593918e+00
7.246230896323833548e+00
7.207010185739964214e+00
7.209286000802245020e+00
7.209005376344085114e+00
7.209499188969991756e+00
7.244079076140145013e+00
7.276318321785988807e+00
7.309719079939668518e+00
7.399189749387601545e+00
7.487853881278538459e+00
7.578511235955055270e+00
7.674208977189109326e+00
7.770751907686580751e+00
7.863394854586130300e+00
8.025522583053378511e+00
8.188888888888888218e+00
8.350794530672580152e+00
8.367125803489440017e+00
8.384274640088593245e+00
8.403318903318902855e+00
8.466212534059945227e+00
8.530922715781869670e+00
8.594147245762711051e+00
8.672204641350210963e+00
8.750579942897930508e+00
8.830542264752791581e+00
8.726441441441441071e+00
8.626877637130801801e+00
8.525356905710491873e+00
8.442307692307691624e+00
8.354196758144759372e+00
8.269680343511449649e+00
8.149937752878928521e+00
8.028968978102190235e+00
7.908717600964435768e+00
7.790699404761904923e+00
7.674454477050414170e+00
7.554040404040404333e+00
7.439778071722515485e+00
7.325095057034219259e+00
7.210334175793317257e+00
7.208446047490230768e+00
7.207160157432636716e+00
7.203755166025366918e+00
7.215755805868447226e+00
7.229280414391713094e+00
7.244785148101794192e+00
7.303221859706362729e+00
7.363146113146112448e+00
7.423926507018992815e+00
7.576792532880780584e+00
7.726588151320484599e+00
7.879594556677890438e+00
8.037021336724601284e+00
8.199289132882883635e+00
8.357415254237288593e+00
8.459946930579461011e+00
8.563384813384812944e+00
8.668055555555556069e+00
8.754637557077625587e+00
8.837867012089809293e+00
8.923396334478807645e+00
9.002253203774115420e+00
9.077453450930983436e+00
9.155807560137457557e+00
9.310505940461888841e+00
9.463895885810243769e+00
9.621137690445678459e+00
9.815172362775557602e+00
1.000996739291536919e+01
1.020583222172817628e+01
1.042558590834452836e+01
1.064602890776337318e+01
1.086704119850187311e+01
1.092337254901960897e+01
1.097899532333494399e+01
1.103365136668385738e+01
1.108584183673469248e+01
1.114425566343042107e+01
1.120158197507190856e+01
1.122371675943104741e+01
1.124787234042553230e+01
1.127035563874590451e+01
1.120627618192698982e+01
1.114251653591755087e+01
1.107456922162804425e+01
1.125862068965517260e+01
1.143862363689949824e+01
1.162112232952882529e+01
1.098003751339764200e+01
1.033721296997224215e+01
9.694407894736841058e+00
9.217661193432119759e+00
8.745536784088185911e+00
8.268509640992862231e+00
8.239878750513769390e+00
8.213963963963964332e+00
8.183834257367958998e+00
8.070585457979225552e+00
7.958804269824184097e+00
7.843670402445237499e+00
8.791597144975899170e+00
9.735835338949057061e+00
1.068445355191256851e+01
1.153403520499108659e+01
1.238220439691028041e+01
1.322874531835205936e+01
1.369135918674698793e+01
1.415113102046003313e+01
1.461387245233399135e+01
1.524091157578242495e+01
1.586252718868950673e+01
1.648599943574552285e+01
1.649293235251694867e+01
1.648818019625334230e+01
1.649117470331981394e+01
1.633668154761904745e+01
1.617956110844145812e+01
1.602132642998027379e+01
1.587810521188504431e+01
1.573067029807837969e+01
1.559167476514415362e+01
1.519100619699934640e+01
1.479191209787041039e+01
1.439433406916850799e+01
1.439402529437418110e+01
1.439345187694044448e+01
1.439762008416775529e+01
1.439462838781782672e+01
