7.507507507507508310e-03
7.407407407407407690e-03
7.233796296296296328e-03
7.032348804500702932e-03
6.858710562414265834e-03
6.915629322268326135e-03
7.050197405527354987e-03
6.956037840845853866e-03
6.887052341597796334e-03
7.259001161440185174e-03
7.183908045977012262e-03
7.032348804500702932e-03
6.904170118751725739e-03
6.915629322268326135e-03
6.736728644570196683e-03
6.598046978094483650e-03
6.634819532908704277e-03
6.742179072276160805e-03
6.819421713038733950e-03
6.944444444444444059e-03
7.110352673492604907e-03
7.128599942971200476e-03
7.196315486470926913e-03
7.068136839129206261e-03
7.050197405527354987e-03
7.038288288288288390e-03
7.134703196347031567e-03
7.278020378457060457e-03
7.303534910896874836e-03
7.447125409591897477e-03
7.500750075007500683e-03
7.548309178743962781e-03
8.218277449046679575e-03
9.048136083966701673e-03
9.437523593808984368e-03
8.671522719389526332e-03
8.226390259953931736e-03
7.989773090444232326e-03
8.106355382619974750e-03
8.333333333333333218e-03
8.555783709787816160e-03
8.591065292096220635e-03
8.591065292096220635e-03
8.573388203017831208e-03
8.443093549476528986e-03
8.460236886632825637e-03
8.392077878482713180e-03
8.443093549476528986e-03
8.291873963515753246e-03
8.153946510110893220e-03
7.898894154818324881e-03
7.645259938837919468e-03
7.795447458684129360e-03
7.802746566791511455e-03
7.624275693809088976e-03
7.433838834374070607e-03
7.342143906020558684e-03
7.303534910896874836e-03
7.020499859590002834e-03
6.864360241625479947e-03
6.603275224511358753e-03
6.390593047034764940e-03
6.284565108094519216e-03
6.400409626216078257e-03
6.515506906437321805e-03
6.425083526085838791e-03
6.366182836771071447e-03
6.505334374186833198e-03
6.775067750677506336e-03
6.661337596589395754e-03
6.634819532908704277e-03
6.515506906437321805e-03
6.613756613756613389e-03
7.068136839129206261e-03
7.494004796163070657e-03
8.130081300813008990e-03
8.169934640522876282e-03
8.855827134254338692e-03
8.529512111907200031e-03
8.012820512820512109e-03
7.589556769884638586e-03
7.467144563918757388e-03
7.624275693809088976e-03
7.694675284702984924e-03
7.716049382716048954e-03
7.906388361796331046e-03
7.780890133831309258e-03
7.589556769884638586e-03
7.589556769884638586e-03
7.453786523553965378e-03
7.322788517867603181e-03
7.407407407407407690e-03
7.278020378457060457e-03
7.381163271331561866e-03
7.427213309566250456e-03
7.487271638215033977e-03
7.348618459729570722e-03
7.227522405319456063e-03
7.473841554559042949e-03
7.368110816386677642e-03
7.171543316121630450e-03
7.259001161440185174e-03
7.233796296296296328e-03
7.303534910896874836e-03
7.159221076746849662e-03
6.556517178075006551e-03
6.327512022272842838e-03
6.435006435006434579e-03
6.346788525006346465e-03
6.380806533945890258e-03
6.405329233922622996e-03
6.704210244033253184e-03
7.440476190476190931e-03
7.568876778686042285e-03
7.387706855791962429e-03
7.278020378457060457e-03
7.440476190476190931e-03
7.374631268436578069e-03
7.140816909454440926e-03
6.991051454138703068e-03
6.541077969649398277e-03
6.505334374186833198e-03
6.375924509053811952e-03
6.341958396752916949e-03
6.016847172081829336e-03
5.889281507656066172e-03
6.047411707789066004e-03
6.136475208640156977e-03
6.034274680183440882e-03
6.073858114674440638e-03
5.978000956480152700e-03
6.100536847242557514e-03
6.181998021760632539e-03
6.308352258390107631e-03
6.308352258390107631e-03
6.294058408862033584e-03
6.361323155216285462e-03
6.380806533945890258e-03
6.029908345393149467e-03
5.843852267414679884e-03
5.775005775005774555e-03
5.926979611190136450e-03
6.177415369409439139e-03
6.136475208640156977e-03
6.131959774343880010e-03
6.237524950099801284e-03
6.122948812147930957e-03
5.960896518836432401e-03
6.029908345393149467e-03
5.943889681407513691e-03
5.999520038396928372e-03
6.246876561719140984e-03
6.140997297961189177e-03
6.275100401606426535e-03
6.140997297961189177e-03
6.242197253433208991e-03
6.313131313131313017e-03
6.029908345393149467e-03
5.935422602089269160e-03
6.091617933723196543e-03
6.495193556767991754e-03
6.634819532908704277e-03
6.495193556767991754e-03
5.978000956480152700e-03
6.038647342995169011e-03
6.100536847242557514e-03
6.082725060827250986e-03
5.952380952380952051e-03
6.029908345393149467e-03
5.783021050196623068e-03
5.707762557077625254e-03
5.657388549445576016e-03
5.657388549445576016e-03
5.619240278714317423e-03
5.355612682090830912e-03
5.011024253357386493e-03
5.017057997190447517e-03
4.686914135733032810e-03
4.347070074769604324e-03
4.326756663205260853e-03
4.406839414771725714e-03
4.402183483007571924e-03
4.576240161083653009e-03
4.718761796904492184e-03
4.896200548374461149e-03
4.761904761904761467e-03
4.767353165522501303e-03
4.811393379522709880e-03
4.764627406136840750e-03
4.718761796904492184e-03
4.676393565282454569e-03
4.876145894285157344e-03
4.966229638458482219e-03
5.038291011688835093e-03
4.960317460317460042e-03
4.884720593982024538e-03
4.836525440123814502e-03
5.017057997190447517e-03
5.179200331468821264e-03
5.352172982230785081e-03
5.460899956312800611e-03
5.688282138794084099e-03
5.619240278714317423e-03
5.692167577413478723e-03
5.518763796909492703e-03
5.418292154312959880e-03
5.496921723834652905e-03
5.338458253256459125e-03
5.131362889983580311e-03
5.156765676567656720e-03
4.890453834115806274e-03
4.655493482309125061e-03
4.413841807909604613e-03
4.308859014133057524e-03
4.266939750810718260e-03
4.215140785702242883e-03
4.187604690117253427e-03
4.193927193423921916e-03
4.335761359694763166e-03
4.397537379067722497e-03
4.333506673600277109e-03
4.313319530710835008e-03
4.453946196329948252e-03
4.449190247374977709e-03
4.392901071867861759e-03
4.526525439072968081e-03
4.621926418931410555e-03
4.700131603684903035e-03
4.634779384501297450e-03
4.673770798280053006e-03
4.694835680751173815e-03
4.586314437717850002e-03
4.385964912280701511e-03
4.404510218463706696e-03
4.425562046379890452e-03
4.516711833785005091e-03
4.581271761040864483e-03
4.783773440489857975e-03
5.144032921810699592e-03
5.254308532997058016e-03
5.065856129685917045e-03
5.072022722661797406e-03
5.241090146750524391e-03
5.144032921810699592e-03
5.231219920485457447e-03
5.411255411255411034e-03
5.577867023650155860e-03
5.464480874316939886e-03
5.121901249743905128e-03
5.185646131507986277e-03
5.331627212625293481e-03
5.237795935470353909e-03
5.179200331468821264e-03
5.208333333333333044e-03
5.188875051888751019e-03
5.237795935470353909e-03
5.274261603375526332e-03
5.338458253256459125e-03
5.376344086021504938e-03
5.338458253256459125e-03
5.511463844797178692e-03
5.439512619669277342e-03
5.496921723834652905e-03
5.596597268860532826e-03
5.359056806002143562e-03
5.318017443097212971e-03
5.376344086021504938e-03
5.231219920485457447e-03
5.581603036392052651e-03
5.696058327637274453e-03
6.096074128261398835e-03
6.060606060606060601e-03
5.482456140350876889e-03
5.153576582148010343e-03
4.907734589713387899e-03
4.913522012578616129e-03
4.856254856254856034e-03
4.629629629629629373e-03
4.342539517109605431e-03
4.133597883597883368e-03
4.133597883597883368e-03
4.031607805192710670e-03
3.955070400253124681e-03
3.653368405670028105e-03
3.440682631434076929e-03
3.393051031487513778e-03
3.231226573607341116e-03
3.100198412698412526e-03
3.284719484955984838e-03
3.480924533556112310e-03
3.629500580720092587e-03
3.623188405797101493e-03
3.570408454727220463e-03
3.634249164122692419e-03
3.752063634999249289e-03
3.827897718572960059e-03
3.932672644329085650e-03
4.123371268349002548e-03
4.402183483007571924e-03
4.822530864197530596e-03
4.814172925091469817e-03
4.556223801713140190e-03
4.566210045662100203e-03
4.463488662738795965e-03
4.418522446094026550e-03
4.437344692935747160e-03
4.676393565282454569e-03
4.884720593982024538e-03
4.571219601389650382e-03
4.404510218463706696e-03
4.059100503328462624e-03
4.145936981757876623e-03
4.311088118641145765e-03
4.519161243673173491e-03
4.673770798280053006e-03
4.993009786299180790e-03
5.140859551717047275e-03
5.075111652456353907e-03
5.014039310068190390e-03
4.853426519122500289e-03
4.770082045411181033e-03
5.072022722661797406e-03
5.407743889249405460e-03
5.439512619669277342e-03
5.348737697903294293e-03
5.418292154312959880e-03
5.735260380821289271e-03
5.893446487505893394e-03
5.589090096132350027e-03
5.435964340073928813e-03
5.468066491688538568e-03
5.324813631522896766e-03
5.386770092652444671e-03
5.555555555555555768e-03
5.432420686657974708e-03
5.163155720776538282e-03
4.945598417408506031e-03
4.907734589713387899e-03
4.981071926678621101e-03
5.056634304207119519e-03
5.425347222222222897e-03
5.696058327637274453e-03
5.649717514124293766e-03
5.649717514124293766e-03
5.856172405715624057e-03
6.025548324897565811e-03
6.051803437424352512e-03
6.645401382243488163e-03
6.556517178075006551e-03
6.439979392065945003e-03
6.390593047034764940e-03
6.308352258390107631e-03
6.624271330153683190e-03
6.825006825006824790e-03
6.825006825006824790e-03
6.731287022078621778e-03
6.898454746136865878e-03
6.656017039403620307e-03
6.172839506172839164e-03
5.823433496389470582e-03
5.676657584014532798e-03
5.555555555555555768e-03
5.383290267011196784e-03
4.984051036682615905e-03
5.264266161297114638e-03
4.803073967339096563e-03
5.166356685265551321e-03
5.112474437627812125e-03
5.156765676567656720e-03
5.231219920485457447e-03
5.137690094533498529e-03
5.241090146750524391e-03
5.241090146750524391e-03
5.307855626326963595e-03
5.411255411255411034e-03
5.338458253256459125e-03
5.457323728443571990e-03
5.600358422939068041e-03
5.577867023650155860e-03
5.537098560354373859e-03
5.626828719333783028e-03
5.914360066240832714e-03
6.260956674179814219e-03
6.520605112154408654e-03
6.122948812147930957e-03
6.078288353999513997e-03
6.237524950099801284e-03
6.415191172696946796e-03
6.449948400412797156e-03
6.731287022078621778e-03
6.956037840845853866e-03
7.080147267063154753e-03
7.146941109205259823e-03
7.278020378457060457e-03
7.140816909454440926e-03
6.720430107526881823e-03
6.572029442691903166e-03
6.709608158883520641e-03
6.688068485821294790e-03
6.485084306095979627e-03
6.582411795681937690e-03
6.530825496342738262e-03
6.228201295465868835e-03
5.982292414453218438e-03
5.692167577413478723e-03
5.341880341880342851e-03
5.032206119162641565e-03
4.948535233570863605e-03
4.993009786299180790e-03
4.925137903861307419e-03
4.925137903861307419e-03
5.128205128205128201e-03
5.540780141843971822e-03
5.619240278714317423e-03
5.589090096132350027e-03
5.526083112290009099e-03
5.642067253441660629e-03
5.699954400364797003e-03
5.864414731409805202e-03
5.852059925093633375e-03
5.719514985129261347e-03
5.823433496389470582e-03
6.034274680183440882e-03
6.186587478346943121e-03
6.420133538777606473e-03
6.405329233922622996e-03
6.645401382243488163e-03
6.251562890722680947e-03
6.127450980392156778e-03
6.380806533945890258e-03
6.313131313131313017e-03
6.435006435006434579e-03
6.551362683438154838e-03
6.688068485821294790e-03
7.335680751173709845e-03
7.215007215007215001e-03
7.387706855791962429e-03
7.548309178743962781e-03
7.183908045977012262e-03
7.673419275629220736e-03
7.659313725490195755e-03
8.494733265375467232e-03
8.912655971479501241e-03
8.375209380234506854e-03
7.944073721004130811e-03
8.161932745674175399e-03
7.766387076731904281e-03
7.290755322251385624e-03
6.847439057792385764e-03
6.764069264069264009e-03
6.454944487477407185e-03
6.122948812147930957e-03
6.118453255017131803e-03
5.978000956480152700e-03
5.537098560354373859e-03
5.352172982230785081e-03
5.471656817684394242e-03
5.775005775005774555e-03
5.839757066106049561e-03
5.723443223443223059e-03
5.668934240362812592e-03
5.696058327637274453e-03
5.743165632896853577e-03
5.731315910132967102e-03
5.847953216374268681e-03
5.948132286462051201e-03
6.100536847242557514e-03
6.150061500615006116e-03
6.260956674179814219e-03
6.475006475006476157e-03
6.294058408862033584e-03
6.430041152263373840e-03
6.515506906437321805e-03
6.825006825006824790e-03
7.159221076746849662e-03
6.967670011148272002e-03
6.898454746136865878e-03
6.572029442691903166e-03
6.556517178075006551e-03
6.720430107526881823e-03
6.454944487477407185e-03
6.246876561719140984e-03
6.214267959234401860e-03
6.136475208640156977e-03
5.905976848570753009e-03
5.688282138794084099e-03
5.611672278338944615e-03
5.787037037037037583e-03
6.008171112713290608e-03
5.860290670417252733e-03
5.529750055297500029e-03
5.397236614853195835e-03
5.475251861585633123e-03
5.607895917451772433e-03
5.533421868083222665e-03
5.446623093681917521e-03
5.529750055297500029e-03
5.611672278338944615e-03
5.684402000909504100e-03
5.634437683119224334e-03
5.684402000909504100e-03
5.775005775005774555e-03
5.914360066240832714e-03
6.218905472636815368e-03
6.218905472636815368e-03
6.395497569710924257e-03
6.464959917248512544e-03
6.415191172696946796e-03
6.535947712418300852e-03
6.825006825006824790e-03
6.677350427350427046e-03
6.444960041247744381e-03
6.327512022272842838e-03
6.475006475006476157e-03
6.582411795681937690e-03
6.530825496342738262e-03
6.181998021760632539e-03
6.012506012506013513e-03
6.034274680183440882e-03
6.087168249330411791e-03
5.960896518836432401e-03
5.893446487505893394e-03
6.140997297961189177e-03
6.038647342995169011e-03
5.939653124257543958e-03
5.839757066106049561e-03
5.743165632896853577e-03
5.897617362585515395e-03
6.127450980392156778e-03
6.551362683438154838e-03
6.715014773032500911e-03
6.551362683438154838e-03
7.020499859590002834e-03
7.252683492892369500e-03
7.596475235490732052e-03
7.582650894752805508e-03
7.603406326034063516e-03
7.473841554559042949e-03
7.487271638215033977e-03
7.737542556484061120e-03
8.341675008341674358e-03
8.950948800572859979e-03
9.469696969696969960e-03
1.007658202337767019e-02
1.035196687370600228e-02
1.072501072501072517e-02
1.136880400181900820e-02
1.177024482109227839e-02
1.177024482109227839e-02
1.187084520417853832e-02
1.204238921001926817e-02
1.300052002080083306e-02
1.314405888538380633e-02
1.372872048325095989e-02
1.314405888538380633e-02
1.314405888538380633e-02
1.341921631776704128e-02
1.296008294453084540e-02
1.312335958005249326e-02
1.331203407880724061e-02
1.377410468319559267e-02
1.434308663224326090e-02
1.540357362908194826e-02
1.569365976145637234e-02
1.451800232288037035e-02
1.381978993919292381e-02
1.381978993919292381e-02
1.368363437328954518e-02
1.298026998961578256e-02
1.270325203252032492e-02
1.232741617357002023e-02
1.195600191296030540e-02
1.175364362952515361e-02
1.100836635843240735e-02
1.048218029350104878e-02
1.044277360066833693e-02
1.045587620242576475e-02
1.036484245439469459e-02
1.000400160064025649e-02
9.633911368015413493e-03
8.960573476702508519e-03
8.689607229753214951e-03
8.366800535475232489e-03
8.922198429693077235e-03
8.744316194473593720e-03
8.275405494869247577e-03
8.477449983045099932e-03
8.689607229753214951e-03
8.671522719389526332e-03
9.342301943198804554e-03
8.626639061421670016e-03
8.591065292096220635e-03
9.057971014492753950e-03
9.097525473071325572e-03
8.999280057595392124e-03
9.248982611912689999e-03
8.818342151675486254e-03
8.689607229753214951e-03
9.028530155290719408e-03
9.792401096748922298e-03
8.874689385871494321e-03
8.443093549476528986e-03
8.145975887911370908e-03
7.596475235490732052e-03
6.875687568756875916e-03
6.932889628397116699e-03
6.410256410256410901e-03
5.943889681407513691e-03
5.264266161297114638e-03
4.663309084126095877e-03
3.925262992620505431e-03
3.305566574110802101e-03
3.690581635665780933e-03
3.985333970986768178e-03
4.198152812762384438e-03
4.295532646048110317e-03
4.461099214846538617e-03
4.833720030935808286e-03
5.125051250512504229e-03
5.254308532997058016e-03
5.425347222222222897e-03
5.607895917451772433e-03
6.218905472636815368e-03
6.551362683438154838e-03
6.688068485821294790e-03
6.629541235746486648e-03
6.736728644570196683e-03
7.202535292422932584e-03
7.795447458684129360e-03
8.341675008341674358e-03
8.884150675195450278e-03
9.087604507451834887e-03
9.279881217520415115e-03
9.667440061871616572e-03
9.633911368015413493e-03
9.556574923547399986e-03
9.208103130755063495e-03
9.127418765972982947e-03
9.269558769002594900e-03
9.448223733938018384e-03
9.437523593808984368e-03
9.218289085545722586e-03
8.771929824561403022e-03
8.443093549476528986e-03
8.494733265375467232e-03
8.564576909900650445e-03
8.074935400516795175e-03
7.631257631257631034e-03
7.534659433393610904e-03
7.680491551459293388e-03
8.098477486232588674e-03
8.409014463504877954e-03
8.350033400133599626e-03
8.409014463504877954e-03
8.383635144198525041e-03
8.468834688346882703e-03
8.468834688346882703e-03
8.392077878482713180e-03
8.316699933466399977e-03
8.358408559010363503e-03
8.226390259953931736e-03
8.210180623973726069e-03
8.809020436927413392e-03
9.048136083966701673e-03
8.979885057471265544e-03
8.564576909900650445e-03
8.218277449046679575e-03
7.891414141414141922e-03
7.773631840796019210e-03
7.951653944020356177e-03
7.839448102853559600e-03
7.659313725490195755e-03
7.645259938837919468e-03
7.427213309566250456e-03
7.259001161440185174e-03
7.020499859590002834e-03
6.725854183481302061e-03
6.577216521967903240e-03
6.371049949031599990e-03
5.995203836930455658e-03
5.623031938821412661e-03
5.657388549445576016e-03
5.475251861585633123e-03
5.297732570459842867e-03
5.386770092652444671e-03
5.555555555555555768e-03
5.372877713303245324e-03
5.153576582148010343e-03
5.090612909794339259e-03
5.453752181500872570e-03
5.515111405250385825e-03
5.435964340073928813e-03
5.163155720776538282e-03
5.150391429748660960e-03
4.904845987835981976e-03
4.966229638458482219e-03
4.689551678859500868e-03
4.729474082482028156e-03
4.713423831070889629e-03
4.803073967339096563e-03
4.794783275795934212e-03
4.764627406136840750e-03
4.430267588162325153e-03
4.245202920699609438e-03
4.131548504379440635e-03
4.679019277559423769e-03
6.439979392065945003e-03
6.270378730875345551e-03
5.978000956480152700e-03
5.428881650380021524e-03
5.047445992327881555e-03
4.573728503476033429e-03
4.673770798280053006e-03
4.996003197442046816e-03
4.893325504012526611e-03
4.742933029785618808e-03
4.531448250860974775e-03
5.008012820512820068e-03
5.128205128205128201e-03
5.211590577444235976e-03
4.901960784313725422e-03
4.409171075837743127e-03
4.183400267737616245e-03
4.465880671668452824e-03
4.767353165522501303e-03
4.745634016704631912e-03
4.418522446094026550e-03
4.376750700280112108e-03
4.930966469428007919e-03
5.446623093681917521e-03
5.134524543027315507e-03
6.021194605009634084e-03
5.956635692161067232e-03
5.839757066106049561e-03
5.649717514124293766e-03
7.208765859284889561e-03
7.966857871255577164e-03
8.912655971479501241e-03
8.202099737532808285e-03
5.274261603375526332e-03
4.639940608760207558e-03
5.188875051888751019e-03
5.044390637610976329e-03
5.011024253357386493e-03
4.847779716889663928e-03
5.533421868083222665e-03
5.585344057193923108e-03
5.081300813008130836e-03
3.970144513260282469e-03
3.408316291751874606e-03
3.172186270777820321e-03
3.358860674459223251e-03
3.406922867266284991e-03
3.796507213363705790e-03
3.728560775540640942e-03
3.677552221241541745e-03
3.511729175445989660e-03
3.300330033003300370e-03
3.511729175445989660e-03
3.485292067475254194e-03
3.914200720212933186e-03
3.897723729342064680e-03
4.129501156260323956e-03
4.333506673600277109e-03
4.480286738351254260e-03
4.485109436670255655e-03
4.399859204505455861e-03
4.409171075837743127e-03
5.128205128205128201e-03
6.029908345393149467e-03
7.233796296296296328e-03
6.973500697350070582e-03
6.693440428380187379e-03
6.672004270082732696e-03
6.209637357178340346e-03
5.692167577413478723e-03
5.453752181500872570e-03
5.314625850340135883e-03
4.856254856254856034e-03
4.856254856254856034e-03
4.663309084126095877e-03
4.468275245755138313e-03
4.430267588162325153e-03
4.591368227731863934e-03
5.026135906714918576e-03
4.993009786299180790e-03
4.819741661846925138e-03
4.830917874396135035e-03
4.881859011911736032e-03
4.770082045411181033e-03
4.767353165522501303e-03
4.981071926678621101e-03
4.975124378109452641e-03
4.969191015702643585e-03
5.112474437627812125e-03
5.537098560354373859e-03
5.897617362585515395e-03
6.232859636000997842e-03
5.969436485195797441e-03
5.990893841361130678e-03
7.074136955291455281e-03
8.074935400516795175e-03
8.626639061421670016e-03
8.547008547008546134e-03
7.936507936507936067e-03
7.723200494284832192e-03
7.839448102853559600e-03
7.610350076103501206e-03
6.985191394244202358e-03
6.284565108094519216e-03
4.901960784313725422e-03
4.536381781890763860e-03
4.397537379067722497e-03
3.998720409468969894e-03
4.037467700258397588e-03
4.202386955790889805e-03
4.423213021939136763e-03
4.614248800295312272e-03
4.775549188156638300e-03
5.592841163310962281e-03
5.515111405250385825e-03
5.540780141843971822e-03
5.526083112290009099e-03
5.727376861397479556e-03
5.284295075036990995e-03
5.425347222222222897e-03
5.723443223443223059e-03
6.065016982047549514e-03
6.298815822625346457e-03
6.546216286986122034e-03
6.791632708503123929e-03
6.836204539239814498e-03
8.059316569954868420e-03
8.960573476702508519e-03
8.790436005625878665e-03
8.716875871687587360e-03
8.468834688346882703e-03
8.308408109006315892e-03
8.043758043758043874e-03
8.308408109006315892e-03
8.316699933466399977e-03
8.903133903133903307e-03
8.874689385871494321e-03
9.248982611912689999e-03
9.545628102329133460e-03
9.310986964618250122e-03
9.127418765972982947e-03
9.437523593808984368e-03
9.678668215253581966e-03
1.000400160064025649e-02
1.040366208905534745e-02
1.103752759381898541e-02
1.045587620242576475e-02
1.040366208905534745e-02
1.058873358746294062e-02
1.083658430862591976e-02
1.050861706599411603e-02
9.803921568627450844e-03
9.321401938851604091e-03
9.248982611912689999e-03
9.028530155290719408e-03
8.671522719389526332e-03
8.799718409010911721e-03
9.018759018759018101e-03
8.617718028266115049e-03
8.234519104084321930e-03
8.051529790660224770e-03
7.869058860560277507e-03
7.638252367858234214e-03
7.575757575757575968e-03
7.374631268436578069e-03
7.716049382716048954e-03
7.507507507507508310e-03
7.246376811594202987e-03
7.259001161440185174e-03
6.825006825006824790e-03
6.587615283267457024e-03
6.608511763150939217e-03
6.405329233922622996e-03
6.495193556767991754e-03
6.361323155216285462e-03
6.051803437424352512e-03
5.856172405715624057e-03
5.897617362585515395e-03
5.952380952380952051e-03
5.872680291284942261e-03
5.982292414453218438e-03
5.914360066240832714e-03
5.807200929152148659e-03
5.680527152919791732e-03
5.743165632896853577e-03
5.680527152919791732e-03
5.548158011540169077e-03
5.522421029379279839e-03
5.619240278714317423e-03
5.581603036392052651e-03
5.208333333333333044e-03
4.948535233570863605e-03
4.742933029785618808e-03
4.616805170821791475e-03
4.347070074769604324e-03
4.243041412084181362e-03
4.277891854893908080e-03
3.930817610062893076e-03
3.833180006133088662e-03
3.767329716696805452e-03
3.955070400253124681e-03
4.111165926656799863e-03
4.913522012578616129e-03
5.348737697903294293e-03
5.692167577413478723e-03
5.839757066106049561e-03
6.191183754333828317e-03
6.327512022272842838e-03
6.979341150195422089e-03
7.575757575757575968e-03
8.036001285760206378e-03
8.082767539605561005e-03
7.802746566791511455e-03
8.153946510110893220e-03
8.573388203017831208e-03
8.468834688346882703e-03
8.680555555555555941e-03
8.922198429693077235e-03
9.238728750923873301e-03
9.908838684106222733e-03
9.968102073365231811e-03
9.523809523809522934e-03
9.342301943198804554e-03
9.218289085545722586e-03
9.792401096748922298e-03
1.045587620242576475e-02
1.095050372317126625e-02
1.103752759381898541e-02
1.207729468599033802e-02
1.256913021618903843e-02
1.258811681772406717e-02
1.324854266030736638e-02
1.331203407880724061e-02
1.335470085470085409e-02
1.348435814455232161e-02
1.431844215349369932e-02
1.352813852813852802e-02
1.304121022430881731e-02
1.286008230452674768e-02
1.241927471435668069e-02
1.213003396409509903e-02
1.168770453482935977e-02
1.154201292705447912e-02
1.139990880072959401e-02
1.138433515482695745e-02
1.133786848072562518e-02
1.121579183490354487e-02
1.129177958446251316e-02
1.247504990019960257e-02
1.202501202501202703e-02
1.188777936281502738e-02
1.157407407407407517e-02
1.177024482109227839e-02
1.199040767386091132e-02
1.114081996434937438e-02
1.073883161512027666e-02
1.090750436300174514e-02
1.061571125265392719e-02
1.046901172529313140e-02
1.052188552188552256e-02
1.006441223832528313e-02
9.394964299135664595e-03
8.912655971479501241e-03
8.874689385871494321e-03
9.038322487346346981e-03
8.689607229753214951e-03
8.358408559010363503e-03
8.468834688346882703e-03
8.400537634408603363e-03
8.358408559010363503e-03
8.283631544068919758e-03
7.997440818937939788e-03
7.795447458684129360e-03
7.788161993769471270e-03
7.936507936507936067e-03
8.153946510110893220e-03
7.944073721004130811e-03
7.680491551459293388e-03
7.673419275629220736e-03
7.795447458684129360e-03
7.788161993769471270e-03
8.283631544068919758e-03
8.333333333333333218e-03
8.735150244584207607e-03
8.653513326410521705e-03
8.671522719389526332e-03
9.127418765972982947e-03
8.818342151675486254e-03
8.582217645039478052e-03
8.426019548365351261e-03
8.259002312520647912e-03
8.122157244964263792e-03
7.997440818937939788e-03
7.759155803848540901e-03
7.534659433393610904e-03
7.541478129713423927e-03
7.252683492892369500e-03
7.122507122507122646e-03
6.967670011148272002e-03
6.932889628397116699e-03
6.786102062975027556e-03
6.603275224511358753e-03
6.634819532908704277e-03
6.561679790026246628e-03
6.758583400919167088e-03
6.725854183481302061e-03
6.944444444444444059e-03
6.747638326585695366e-03
6.430041152263373840e-03
6.613756613756613389e-03
6.464959917248512544e-03
6.927126627874757858e-03
6.598046978094483650e-03
6.650704974727320896e-03
6.875687568756875916e-03
6.875687568756875916e-03
6.475006475006476157e-03
6.346788525006346465e-03
6.500260010400416531e-03
6.485084306095979627e-03
6.069434328720563210e-03
6.025548324897565811e-03
6.154603643525356944e-03
6.205013651030031642e-03
6.242197253433208991e-03
6.118453255017131803e-03
6.246876561719140984e-03
6.525711302531976045e-03
6.435006435006434579e-03
6.303580433686332973e-03
6.078288353999513997e-03
5.995203836930455658e-03
5.901794145420208131e-03
6.279829188646069045e-03
6.577216521967903240e-03
6.944444444444444059e-03
7.026419336706015394e-03
6.961849067112224621e-03
6.672004270082732696e-03
6.495193556767991754e-03
6.214267959234401860e-03
6.043026347594876446e-03
5.719514985129261347e-03
5.457323728443571990e-03
5.280946345585128994e-03
5.059704513256426013e-03
4.901960784313725422e-03
4.716091303527635697e-03
4.581271761040864483e-03
4.502070952638213483e-03
4.439708755105665171e-03
4.619364375461936650e-03
4.614248800295312272e-03
4.679019277559423769e-03
4.748338081671414808e-03
4.930966469428007919e-03
4.756468797564688579e-03
4.797543657647284319e-03
5.011024253357386493e-03
4.996003197442046816e-03
4.954419342053111366e-03
4.783773440489857975e-03
4.867601246105918676e-03
5.065856129685917045e-03
5.134524543027315507e-03
5.005005005005005829e-03
4.984051036682615905e-03
4.745634016704631912e-03
4.870446132865770099e-03
4.816955684007706746e-03
4.972155926809864769e-03
5.072022722661797406e-03
4.913522012578616129e-03
4.797543657647284319e-03
4.480286738351254260e-03
4.221546774738264493e-03
4.016064257028112948e-03
3.886815920398009605e-03
3.822629969418959734e-03
3.847337642351492462e-03
3.866976024748646542e-03
3.741954797186050272e-03
3.779289493575207961e-03
3.794778384942319293e-03
3.685684800235883903e-03
3.705350526159775087e-03
3.921568627450980338e-03
3.928964325003929219e-03
3.994886545222116163e-03
4.166666666666666609e-03
4.546281142025823500e-03
5.198585984612184678e-03
5.106209150326797459e-03
4.999000199960007725e-03
5.072022722661797406e-03
5.307855626326963595e-03
5.029169181251257059e-03
4.881859011911736032e-03
4.718761796904492184e-03
4.673770798280053006e-03
4.708097928436911182e-03
4.548762736535662786e-03
4.511820970943872765e-03
4.563709382986491474e-03
4.681647940074906526e-03
4.601509295048776364e-03
4.528985507246376975e-03
4.541326067211625198e-03
4.588839941262848852e-03
4.516711833785005091e-03
4.439708755105665171e-03
4.444444444444444441e-03
4.420866489832006412e-03
4.409171075837743127e-03
4.418522446094026550e-03
4.497211728728188126e-03
4.383657724004909849e-03
4.494786048184106625e-03
4.465880671668452824e-03
4.416180886769121260e-03
4.411505205576142508e-03
4.516711833785005091e-03
4.444444444444444441e-03
4.453946196329948252e-03
4.492362982929020039e-03
4.482696790389098344e-03
4.468275245755138313e-03
4.742933029785618808e-03
4.794783275795934212e-03
4.753755466818786017e-03
4.642525533890436845e-03
4.604051565377531748e-03
4.629629629629629373e-03
4.716091303527635697e-03
4.679019277559423769e-03
4.756468797564688579e-03
5.008012820512820068e-03
4.893325504012526611e-03
5.205080158234435921e-03
5.287648054145516023e-03
5.318017443097212971e-03
5.676657584014532798e-03
5.901794145420208131e-03
5.969436485195797441e-03
5.696058327637274453e-03
5.688282138794084099e-03
5.443065534509035526e-03
5.231219920485457447e-03
5.078204346942920798e-03
4.957366646837200498e-03
4.833720030935808286e-03
4.859086491739553031e-03
4.767353165522501303e-03
4.684279557804009973e-03
4.609144542772861293e-03
4.624491305956345000e-03
4.783773440489857975e-03
4.660700969425802045e-03
4.705439488048183093e-03
4.960317460317460042e-03
5.087505087505088223e-03
4.775549188156638300e-03
4.705439488048183093e-03
4.619364375461936650e-03
4.652894100130281103e-03
4.781028877414419433e-03
4.655493482309125061e-03
4.571219601389650382e-03
4.526525439072968081e-03
4.506940688660537528e-03
4.721435316336166851e-03
4.761904761904761467e-03
4.884720593982024538e-03
4.792026068621813538e-03
4.647704034207102326e-03
4.907734589713387899e-03
5.153576582148010343e-03
5.195344970906068394e-03
5.192107995846313891e-03
5.106209150326797459e-03
5.038291011688835093e-03
5.287648054145516023e-03
5.287648054145516023e-03
5.428881650380021524e-03
5.291005291005290712e-03
5.421817393190198064e-03
6.087168249330411791e-03
6.087168249330411791e-03
6.016847172081829336e-03
5.791058605513088424e-03
5.407743889249405460e-03
5.218117303276977731e-03
5.147210212065060110e-03
4.748338081671414808e-03
4.598969830757910007e-03
4.453946196329948252e-03
4.367575122292103804e-03
4.249532551419343655e-03
4.335761359694763166e-03
4.446816079686944680e-03
4.509379509379509050e-03
4.621926418931410555e-03
4.551247041689423199e-03
4.729474082482028156e-03
5.038291011688835093e-03
4.789272030651341508e-03
4.627059041273366008e-03
4.573728503476033429e-03
4.494786048184106625e-03
4.489942528735632772e-03
4.578754578754578967e-03
4.606596646397641270e-03
4.684279557804009973e-03
4.566210045662100203e-03
4.676393565282454569e-03
4.740235115661736894e-03
4.581271761040864483e-03
4.553734061930782805e-03
4.606596646397641270e-03
4.870446132865770099e-03
5.041338979632990422e-03
5.244388504300398317e-03
5.507821105970477603e-03
5.747126436781609116e-03
5.815305885089556114e-03
6.051803437424352512e-03
6.069434328720563210e-03
5.956635692161067232e-03
6.541077969649398277e-03
7.171543316121630450e-03
7.134703196347031567e-03
7.394262052647145728e-03
7.146941109205259823e-03
7.652280379553105978e-03
8.005123278898495717e-03
8.114248620577734286e-03
9.310986964618250122e-03
9.850275807722614838e-03
1.114081996434937438e-02
1.085069444444444579e-02
1.041666666666666609e-02
1.105216622458001820e-02
1.004016064257027933e-02
8.941344778254650336e-03
8.409014463504877954e-03
8.153946510110893220e-03
7.514277126540427204e-03
7.177720356014930490e-03
7.110352673492604907e-03
7.610350076103501206e-03
7.638252367858234214e-03
7.361601884570082716e-03
7.303534910896874836e-03
7.480550568521843191e-03
7.050197405527354987e-03
6.979341150195422089e-03
7.140816909454440926e-03
7.240081088908195683e-03
7.453786523553965378e-03
7.568876778686042285e-03
7.480550568521843191e-03
7.624275693809088976e-03
7.541478129713423927e-03
7.906388361796331046e-03
8.059316569954868420e-03
7.883948281299275537e-03
8.005123278898495717e-03
8.267195767195766737e-03
8.350033400133599626e-03
8.573388203017831208e-03
8.698677800974252347e-03
8.744316194473593720e-03
8.744316194473593720e-03
9.048136083966701673e-03
9.269558769002594900e-03
9.578544061302683016e-03
9.567546880979715951e-03
9.667440061871616572e-03
1.006441223832528313e-02
1.021241830065359492e-02
1.025010250102500846e-02
9.908838684106222733e-03
9.523809523809522934e-03
9.578544061302683016e-03
9.723842862699338951e-03
9.187798603454611426e-03
9.279881217520415115e-03
9.792401096748922298e-03
1.062925170068027177e-02
1.069747539580658859e-02
1.057529610829103205e-02
1.100836635843240735e-02
1.106684373616644533e-02
1.103752759381898541e-02
1.149425287356321823e-02
1.146263182026593420e-02
1.152604887044720965e-02
1.118568232662192456e-02
1.123090745732255140e-02
1.172058134083450547e-02
1.188777936281502738e-02
1.149425287356321823e-02
1.127649977447000434e-02
1.095050372317126625e-02
1.216545012165450197e-02
1.227295041728031395e-02
1.165501165501165413e-02
1.086484137331594942e-02
1.032631144155307656e-02
9.944311853619729538e-03
9.645061728395061193e-03
9.405568096313017892e-03
9.067827348567283202e-03
9.248982611912689999e-03
9.238728750923873301e-03
9.512937595129377158e-03
9.117432530999270562e-03
9.127418765972982947e-03
9.405568096313017892e-03
9.458948164964056313e-03
9.746588693957114469e-03
9.758001561280250230e-03
1.075268817204300988e-02
1.064282673478075814e-02
1.039068994181213679e-02
1.033912324234904749e-02
1.078050884001724961e-02
1.090750436300174514e-02
1.114081996434937438e-02
1.045587620242576475e-02
1.030078285949732192e-02
1.076658053402239357e-02
1.064282673478075814e-02
1.045587620242576475e-02
9.228497600590624544e-03
8.325008325008325868e-03
7.810059356451109353e-03
7.555152614082804446e-03
7.259001161440185174e-03
7.092198581560283516e-03
6.813845734532569982e-03
6.592827004219408565e-03
6.366182836771071447e-03
6.303580433686332973e-03
6.400409626216078257e-03
6.704210244033253184e-03
6.629541235746486648e-03
6.731287022078621778e-03
6.956037840845853866e-03
7.110352673492604907e-03
7.233796296296296328e-03
7.869058860560277507e-03
8.082767539605561005e-03
8.234519104084321930e-03
8.451656524678838669e-03
8.818342151675486254e-03
8.999280057595392124e-03
8.333333333333333218e-03
8.308408109006315892e-03
8.383635144198525041e-03
8.325008325008325868e-03
8.426019548365351261e-03
8.043758043758043874e-03
7.589556769884638586e-03
7.610350076103501206e-03
7.440476190476190931e-03
7.153075822603719575e-03
6.887052341597796334e-03
6.704210244033253184e-03
6.797172376291463029e-03
6.892748828232699194e-03
6.725854183481302061e-03
6.251562890722680947e-03
5.872680291284942261e-03
5.835667600373482811e-03
5.526083112290009099e-03
5.208333333333333044e-03
5.106209150326797459e-03
5.118755118755118592e-03
4.996003197442046816e-03
5.118755118755118592e-03
5.035246727089627387e-03
5.192107995846313891e-03
5.169561621174523745e-03
4.966229638458482219e-03
4.853426519122500289e-03
4.627059041273366008e-03
4.418522446094026550e-03
4.302185510239200754e-03
4.284490145672665076e-03
4.221546774738264493e-03
3.987240829346092204e-03
4.004485023226013463e-03
3.890445066915654629e-03
4.148000663680106309e-03
4.879000780640125115e-03
5.767012687427912516e-03
6.051803437424352512e-03
5.943889681407513691e-03
5.885122410546139195e-03
5.831583858175881478e-03
6.223549912870301147e-03
6.715014773032500911e-03
6.672004270082732696e-03
6.819421713038733950e-03
7.074136955291455281e-03
7.068136839129206261e-03
6.932889628397116699e-03
7.202535292422932584e-03
7.159221076746849662e-03
7.050197405527354987e-03
6.961849067112224621e-03
7.104290991759022213e-03
6.904170118751725739e-03
6.672004270082732696e-03
6.490134994807891279e-03
6.205013651030031642e-03
5.819366852886405893e-03
5.684402000909504100e-03
5.615453728661275699e-03
5.668934240362812592e-03
5.468066491688538568e-03
5.507821105970477603e-03
5.566688933422399461e-03
5.335040546308151589e-03
5.307855626326963595e-03
5.090612909794339259e-03
4.916420845624385090e-03
4.957366646837200498e-03
5.435964340073928813e-03
5.743165632896853577e-03
5.864414731409805202e-03
5.676657584014532798e-03
5.407743889249405460e-03
5.428881650380021524e-03
4.847779716889663928e-03
4.686914135733032810e-03
4.485109436670255655e-03
4.390586582367404442e-03
4.275696938600991905e-03
4.137702747434623789e-03
3.927112786679233872e-03
3.834944009817456163e-03
3.705350526159775087e-03
3.581148832545481050e-03
3.425126729688999019e-03
3.213780691605605099e-03
3.255208333333333478e-03
3.312135665076841595e-03
3.369726378218088764e-03
3.367003367003367290e-03
3.479471120389700852e-03
3.489670575097711044e-03
3.531073446327683604e-03
3.591954022988506131e-03
3.715262297518204943e-03
3.693853427895981215e-03
3.651767455448437418e-03
3.703703703703703845e-03
3.695491500369548713e-03
3.672689878066695557e-03
3.698772007693445617e-03
3.650167907723755271e-03
3.595053206787460817e-03
3.667840375586854922e-03
3.679175864606328613e-03
3.703703703703703845e-03
3.755445395823944418e-03
3.852673755586377355e-03
3.914200720212933186e-03
3.905029678225554676e-03
3.964478274659055494e-03
4.080966372837087699e-03
4.385964912280701511e-03
4.504504504504504465e-03
4.616805170821791475e-03
4.783773440489857975e-03
4.778287461773699993e-03
4.876145894285157344e-03
5.106209150326797459e-03
5.335040546308151589e-03
5.600358422939068041e-03
5.596597268860532826e-03
5.515111405250385825e-03
5.500550055005500039e-03
5.443065534509035526e-03
5.376344086021504938e-03
5.318017443097212971e-03
5.185646131507986277e-03
5.205080158234435921e-03
5.065856129685917045e-03
4.972155926809864769e-03
4.808617041738796720e-03
4.604051565377531748e-03
4.609144542772861293e-03
4.363001745200697189e-03
4.383657724004909849e-03
4.420866489832006412e-03
4.363001745200697189e-03
4.351610095735422741e-03
4.563709382986491474e-03
4.480286738351254260e-03
4.444444444444444441e-03
4.385964912280701511e-03
4.284490145672665076e-03
4.342539517109605431e-03
4.266939750810718260e-03
4.148000663680106309e-03
4.232266802099204049e-03
4.399859204505455861e-03
4.045307443365695442e-03
3.856239395341663073e-03
3.654970760233917926e-03
3.650167907723755271e-03
3.613761202659728031e-03
3.534068419564603131e-03
3.552145495879511106e-03
3.439262622093822858e-03
3.430767119527926550e-03
3.223726627981946934e-03
3.060350104051903688e-03
2.948808681292757698e-03
2.944640753828033086e-03
2.930145335208626366e-03
2.787068004459308541e-03
2.976190476190476025e-03
3.109452736318407684e-03
3.063725490196078389e-03
2.754820936639118534e-03
2.640473172792564497e-03
2.531389226407452456e-03
2.550760126517702137e-03
2.495757212738344659e-03
2.450980392156862711e-03
2.510796424625891341e-03
2.584780810587261873e-03
2.534468775344687549e-03
2.697744685442969494e-03
2.778704012448594135e-03
2.907652942544778057e-03
2.802062317865949403e-03
2.809620139357158711e-03
2.869605142332415284e-03
3.001921229586935677e-03
2.943600612268927608e-03
2.923976608187134341e-03
3.031405359524676126e-03
2.959280303030303438e-03
2.970885323826500269e-03
2.979382671910380236e-03
3.048037064130699417e-03
3.144654088050314201e-03
3.097893432465923316e-03
3.130478337089907109e-03
3.024803387779794340e-03
2.996524032122737605e-03
3.192848020434227094e-03
2.980448259418216200e-03
2.602540079117217960e-03
2.475002475002474871e-03
2.350065801842451518e-03
2.201673271686481383e-03
2.258355916892502546e-03
2.098019469620678295e-03
1.910438636710989034e-03
1.797138954783983854e-03
1.804923832214280289e-03
1.869718046518585022e-03
1.784057660743595388e-03
1.902153237464810145e-03
2.012396361587378158e-03
2.197609001406469666e-03
2.567262271513657754e-03
2.642985516439369607e-03
2.884504442136840568e-03
2.849977200182398501e-03
2.601727547091268414e-03
2.557021581262145654e-03
2.651394633577261462e-03
2.928086202857812029e-03
2.984718242597898721e-03
2.970885323826500269e-03
2.950897072710104065e-03
2.913752913752913534e-03
3.013863773357444362e-03
3.136369338853343351e-03
3.154176129195053815e-03
3.367003367003367290e-03
3.599712023038157457e-03
3.758833258156667970e-03
3.666226719460331449e-03
3.710299792223211313e-03
3.856239395341663073e-03
3.925262992620505431e-03
4.137702747434623789e-03
4.131548504379440635e-03
4.271313856142149035e-03
4.379050621825188346e-03
4.306632213608957253e-03
4.329004329004329001e-03
4.156275976724853848e-03
4.069010416666666956e-03
4.168751042187761151e-03
4.143875352229404486e-03
4.200268817204301681e-03
4.381352961794602111e-03
4.402183483007571924e-03
4.385964912280701511e-03
4.385964912280701511e-03
4.451566951566951653e-03
4.519161243673173491e-03
4.724111866969009192e-03
4.627059041273366008e-03
4.611695259177273250e-03
4.611695259177273250e-03
4.681647940074906526e-03
4.681647940074906526e-03
4.689551678859500868e-03
4.772814051164566730e-03
4.954419342053111366e-03
5.017057997190447517e-03
4.999000199960007725e-03
4.969191015702643585e-03
4.861921431349669476e-03
4.833720030935808286e-03
4.794783275795934212e-03
4.800307219662058693e-03
4.764627406136840750e-03
4.925137903861307419e-03
4.767353165522501303e-03
4.650297619047619006e-03
4.673770798280053006e-03
4.538852578068264601e-03
4.624491305956345000e-03
4.374453193350831375e-03
4.029658284977434210e-03
4.004485023226013463e-03
3.728560775540640942e-03
3.883193538365952140e-03
3.833180006133088662e-03
3.820877273421978068e-03
3.489670575097711044e-03
3.228722717293039043e-03
3.191625175539384695e-03
3.284719484955984838e-03
3.105975897627034302e-03
3.147029204431016792e-03
3.061474406073965478e-03
2.381632847480232105e-03
1.412908330507516583e-03
1.175198608564847515e-03
9.866603520404136282e-04
7.550360907251366582e-04
6.953135864274788717e-04
6.735095234246612312e-04
6.757487295923884528e-04
8.180360590294819987e-04
8.965393580778195821e-04
1.000400160064025649e-03
1.978474200696423053e-03
2.922951011341049649e-03
3.826140189776552989e-03
4.025764895330112385e-03
4.406839414771725714e-03
4.406839414771725714e-03
4.383657724004909849e-03
4.816955684007706746e-03
5.159958720330238245e-03
5.301102629346903829e-03
5.386770092652444671e-03
5.338458253256459125e-03
5.241090146750524391e-03
5.247691015952980764e-03
5.192107995846313891e-03
5.112474437627812125e-03
5.044390637610976329e-03
5.195344970906068394e-03
5.140859551717047275e-03
5.169561621174523745e-03
5.428881650380021524e-03
5.338458253256459125e-03
6.043026347594876446e-03
6.172839506172839164e-03
6.003842459173871354e-03
5.910165484633570464e-03
5.827505827505827067e-03
5.604124635731898806e-03
5.421817393190198064e-03
5.311238580837051443e-03
5.307855626326963595e-03
5.475251861585633123e-03
5.537098560354373859e-03
5.359056806002143562e-03
5.163155720776538282e-03
4.993009786299180790e-03
5.014039310068190390e-03
5.169561621174523745e-03
5.068937550689375099e-03
4.893325504012526611e-03
4.811393379522709880e-03
4.713423831070889629e-03
4.710759374411154984e-03
4.566210045662100203e-03
4.681647940074906526e-03
4.598969830757910007e-03
4.652894100130281103e-03
4.660700969425802045e-03
4.665920119447555629e-03
4.591368227731863934e-03
4.619364375461936650e-03
4.591368227731863934e-03
4.614248800295312272e-03
4.509379509379509050e-03
4.541326067211625198e-03
4.514265077645359704e-03
4.413841807909604613e-03
4.395218002812939333e-03
4.461099214846538617e-03
4.430267588162325153e-03
4.504504504504504465e-03
4.219409282700421586e-03
4.150066401062417649e-03
4.162504162504162934e-03
4.012197079120526436e-03
3.975826972010178088e-03
3.890445066915654629e-03
3.801703163017031758e-03
3.767329716696805452e-03
3.720238095238095465e-03
3.762227238525206897e-03
3.885003885003885434e-03
3.674309229864785361e-03
3.520630897056752084e-03
3.510249929795001417e-03
3.757138563270213602e-03
3.784438389343021143e-03
3.562776115148923953e-03
3.476567932137394467e-03
3.499930001399972207e-03
3.476567932137394467e-03
3.398586188145731515e-03
3.391670058336725049e-03
3.440682631434076929e-03
3.535567812190637538e-03
3.568879371877230460e-03
3.507295173961840276e-03
3.532570298148933127e-03
3.519144144144144195e-03
3.531073446327683604e-03
3.585771658060815225e-03
3.575003575003574911e-03
3.561253561253561323e-03
3.567351598173515784e-03
3.598157743235463456e-03
3.579610538373424831e-03
3.520630897056752084e-03
3.499930001399972207e-03
3.436426116838487907e-03
3.337338139100253908e-03
3.498460677301987176e-03
3.559732308130428638e-03
3.698772007693445617e-03
3.705350526159775087e-03
3.705350526159775087e-03
3.731900283624421926e-03
3.725227238861570506e-03
3.745318352059925134e-03
3.921568627450980338e-03
4.031607805192710670e-03
4.297747980058449525e-03
4.251700680272108360e-03
4.045307443365695442e-03
3.994886545222116163e-03
3.865182436611008191e-03
3.940110323089046976e-03
3.899547652472313327e-03
3.740275284260921596e-03
3.845562221196738729e-03
3.713606654783125228e-03
3.781004234724742816e-03
3.684055408193338821e-03
3.658179689786362262e-03
3.349410503751339835e-03
3.154176129195053815e-03
3.654970760233917926e-03
3.337338139100253908e-03
2.995446920680565339e-03
2.663257696814743964e-03
2.568845047266749265e-03
2.421776615325002806e-03
2.431670071004765794e-03
2.360717658168083426e-03
2.242554718335127827e-03
2.122601460349804719e-03
2.317389692250648725e-03
2.507019655034095195e-03
2.732240437158469943e-03
2.785204991087343596e-03
2.970885323826500269e-03
3.121098626716604495e-03
3.137550200803213268e-03
3.177023764137755849e-03
3.287310979618672090e-03
3.416700833675003542e-03
3.398586188145731515e-03
3.526590492312032740e-03
3.605942593393913001e-03
3.716919417187035304e-03
3.755445395823944418e-03
3.720238095238095465e-03
4.004485023226013463e-03
4.109138724523339788e-03
4.059100503328462624e-03
3.782720532607050743e-03
4.049238743116294337e-03
4.076973255055446610e-03
3.775864673010118858e-03
3.679175864606328613e-03
3.634249164122692419e-03
3.528083545018345993e-03
3.627920475983166266e-03
3.492595697122101179e-03
3.472222222222222029e-03
3.411106562969027419e-03
