2.431639999999999873e+02
2.459679999999999893e+02
2.495850000000000080e+02
2.597450000000000045e+02
2.657420000000000186e+02
2.725670000000000073e+02
2.791960000000000264e+02
2.803659999999999854e+02
2.750339999999999918e+02
2.713509999999999991e+02
2.728890000000000100e+02
2.706270000000000095e+02
2.808279999999999745e+02
2.903829999999999814e+02
3.081530000000000200e+02
3.199449999999999932e+02
3.360000000000000000e+02
3.440899999999999750e+02
3.513849999999999909e+02
3.561779999999999973e+02
3.598199999999999932e+02
3.610299999999999727e+02
3.677010000000000218e+02
3.808120000000000118e+02
3.879800000000000182e+02
3.917490000000000236e+02
3.911709999999999923e+02
3.859700000000000273e+02
3.853450000000000273e+02
3.861209999999999809e+02
3.909959999999999809e+02
3.997339999999999804e+02
4.130729999999999791e+02
4.215319999999999823e+02
4.302210000000000036e+02
4.370919999999999845e+02
4.397459999999999809e+02
4.460099999999999909e+02
4.511909999999999741e+02
4.604630000000000223e+02
4.697789999999999964e+02
4.720249999999999773e+02
4.794900000000000091e+02
4.748639999999999759e+02
4.675400000000000205e+02
4.719780000000000086e+02
4.858410000000000082e+02
4.995550000000000068e+02
5.103299999999999841e+02
5.226530000000000200e+02
5.250339999999999918e+02
5.286000000000000227e+02
5.426480000000000246e+02
5.410800000000000409e+02
5.456040000000000418e+02
5.401970000000000027e+02
5.450180000000000291e+02
5.555449999999999591e+02
5.676639999999999873e+02
5.806119999999999663e+02
5.940130000000000337e+02
6.003659999999999854e+02
6.090270000000000437e+02
6.122799999999999727e+02
6.216720000000000255e+02
6.297519999999999527e+02
6.444439999999999600e+02
6.539379999999999882e+02
6.698220000000000027e+02
6.786739999999999782e+02
6.920309999999999491e+02
6.973189999999999600e+02
7.177899999999999636e+02
7.301910000000000309e+02
7.493229999999999791e+02
7.718569999999999709e+02
7.957340000000000373e+02
8.049809999999999945e+02
8.196380000000000337e+02
8.333020000000000209e+02
8.441699999999999591e+02
8.489829999999999472e+02
8.652329999999999472e+02
8.814389999999999645e+02
9.093869999999999436e+02
9.343440000000000509e+02
9.508250000000000455e+02
9.680299999999999727e+02
9.933369999999999891e+02
1.009019999999999982e+03
1.029955999999999904e+03
1.038146999999999935e+03
1.051200000000000045e+03
1.067375000000000000e+03
1.086058999999999969e+03
1.088607999999999947e+03
1.135155999999999949e+03
1.156270999999999958e+03
1.177674999999999955e+03
1.190297000000000025e+03
1.230608999999999924e+03
1.266368999999999915e+03
1.290566000000000031e+03
1.328903999999999996e+03
1.377490000000000009e+03
1.413886999999999944e+03
1.433837999999999965e+03
1.476288999999999987e+03
1.491209000000000060e+03
1.530056000000000040e+03
1.560026000000000067e+03
1.599679000000000087e+03
1.616115999999999985e+03
1.651853000000000065e+03
1.709819999999999936e+03
1.761830999999999904e+03
1.820487000000000080e+03
1.852332000000000107e+03
1.886557999999999993e+03
1.934272999999999911e+03
1.988647999999999911e+03
2.055909000000000106e+03
2.118472999999999956e+03
2.164269999999999982e+03
2.202760000000000218e+03
2.331632999999999811e+03
2.395052999999999884e+03
2.476949000000000069e+03
2.526610000000000127e+03
2.591246999999999844e+03
2.667565000000000055e+03
2.723882999999999811e+03
2.789842000000000098e+03
2.797351999999999862e+03
2.856483000000000175e+03
2.985556999999999789e+03
3.124206000000000131e+03
3.162532000000000153e+03
3.260608999999999924e+03
3.280818000000000211e+03
3.274302000000000135e+03
3.331972000000000207e+03
3.366322000000000116e+03
3.402561000000000149e+03
3.473413000000000011e+03
3.578847999999999956e+03
3.689179000000000087e+03
3.794706000000000131e+03
3.908054000000000087e+03
4.009601000000000113e+03
4.084250000000000000e+03
4.148551000000000386e+03
4.230167999999999665e+03
4.294886999999999716e+03
4.386773000000000138e+03
4.444094000000000051e+03
4.507894000000000233e+03
4.545340000000000146e+03
4.607668999999999869e+03
4.657627000000000407e+03
4.722155999999999949e+03
4.806159999999999854e+03
4.884555000000000291e+03
5.007993999999999687e+03
5.073372000000000298e+03
5.190036000000000058e+03
5.282835000000000036e+03
5.399509000000000015e+03
5.511252999999999702e+03
5.612462999999999738e+03
5.695364999999999782e+03
5.747237000000000080e+03
5.872701000000000022e+03
5.960028000000000247e+03
6.015115999999999985e+03
6.004733000000000175e+03
6.035177999999999884e+03
6.126862000000000080e+03
6.205936999999999898e+03
6.264539999999999964e+03
6.363101999999999862e+03
6.470762999999999920e+03
6.566640999999999622e+03
6.680802999999999884e+03
6.729458999999999833e+03
6.808939000000000306e+03
6.882097999999999956e+03
7.013738000000000284e+03
7.115652000000000044e+03
7.246930999999999585e+03
7.331074999999999818e+03
7.455287999999999556e+03
7.522288999999999760e+03
7.580997000000000298e+03
7.683125000000000000e+03
7.772586000000000240e+03
7.868467999999999847e+03
8.032840000000000146e+03
8.131408000000000357e+03
8.259771000000000640e+03
8.362655000000000655e+03
8.518825000000000728e+03
8.662823000000000320e+03
8.765906999999999243e+03
8.866479999999999563e+03
8.969699000000000524e+03
9.121096999999999753e+03
9.293990999999999985e+03
9.411682000000000698e+03
9.526209999999999127e+03
9.686626000000000204e+03
9.900168999999999869e+03
1.000217900000000009e+04
1.024771999999999935e+04
1.031816500000000087e+04
1.043574400000000060e+04
1.047023099999999977e+04
1.059900000000000000e+04
1.059802000000000044e+04
1.066046500000000015e+04
1.078350000000000000e+04
1.088745999999999913e+04
1.098404000000000087e+04
1.106143300000000090e+04
1.117412900000000081e+04
1.131276599999999962e+04
1.156666899999999987e+04
1.177223400000000038e+04
1.192344700000000012e+04
1.211281500000000051e+04
1.230530700000000070e+04
1.252721399999999994e+04
1.276728600000000006e+04
1.292265600000000086e+04
1.314264199999999983e+04
1.332420399999999972e+04
1.359915999999999985e+04
1.375342400000000089e+04
1.387018800000000010e+04
1.403955999999999949e+04
1.421565099999999984e+04
1.440208200000000033e+04
1.456411700000000019e+04
1.471505800000000090e+04
1.470653800000000047e+04
1.486570099999999911e+04
1.489899899999999980e+04
1.460820800000000054e+04
1.443090099999999984e+04
1.438123600000000079e+04
1.444888199999999961e+04
1.465124799999999959e+04
1.476461100000000079e+04
1.498019299999999930e+04
1.514160499999999956e+04
1.530947099999999955e+04
1.535144399999999951e+04
1.555753499999999985e+04
1.564768100000000049e+04
1.584226699999999983e+04
1.606882400000000052e+04
1.620712999999999920e+04
1.631954000000000087e+04
1.642038599999999860e+04
1.662904999999999927e+04
1.669955099999999948e+04
1.691106799999999930e+04
1.713311400000000140e+04
1.714428099999999904e+04
1.746270300000000134e+04
1.774322699999999895e+04
1.785254000000000087e+04
1.799134800000000178e+04
1.819370699999999852e+04
1.830695999999999913e+04
1.833207900000000154e+04
1.842530600000000049e+04
1.861161699999999837e+04
1.877545899999999892e+04
1.896804100000000108e+04
1.915391200000000026e+04
1.932291999999999825e+04
1.955869299999999930e+04
1.988296500000000015e+04
2.014371600000000035e+04
2.049249199999999837e+04
2.065910199999999895e+04
2.081332500000000073e+04
2.100159100000000035e+04
2.128926800000000003e+04
2.150501199999999881e+04
2.169445799999999872e+04
2.148136699999999837e+04
1.947744399999999951e+04
2.113857400000000052e+04
2.147759700000000157e+04
2.203822599999999875e+04
2.274095899999999892e+04
2.320234400000000096e+04
2.399235499999999956e+04
