8.888888888888889228e-02
8.680555555555555247e-02
8.438818565400843519e-02
8.230452674897119347e-02
8.298755186721991361e-02
8.460236886632825637e-02
8.347245409015024986e-02
8.264462809917355601e-02
8.710801393728222208e-02
8.620689655172414367e-02
8.438818565400843519e-02
8.285004142502071234e-02
8.298755186721991361e-02
8.084074373484236020e-02
7.917656373713380380e-02
7.961783439490445480e-02
8.090614886731392619e-02
8.183306055646480393e-02
8.333333333333332871e-02
8.532423208191125541e-02
8.554319931565440571e-02
8.635578583765111949e-02
8.481764206955047514e-02
8.460236886632825637e-02
8.445945945945945721e-02
8.561643835616437881e-02
8.733624454148472549e-02
8.764241893076249457e-02
8.936550491510276972e-02
9.000900090009000820e-02
9.057971014492754991e-02
9.861932938856014796e-02
1.085776330076004270e-01
1.132502831257078124e-01
1.040582726326743090e-01
9.871668311944717389e-02
9.587727708533078097e-02
9.727626459143969007e-02
1.000000000000000056e-01
1.026694045174537939e-01
1.030927835051546476e-01
1.030927835051546476e-01
1.028806584362139814e-01
1.013171225937183478e-01
1.015228426395939076e-01
1.007049345417925512e-01
1.013171225937183478e-01
9.950248756218904589e-02
9.784735812133071864e-02
9.478672985781989857e-02
9.174311926605503709e-02
9.354536950420955232e-02
9.363295880149813399e-02
9.149130832570906424e-02
8.920606601248884382e-02
8.810572687224670074e-02
8.764241893076249457e-02
8.424599831508003400e-02
8.237232289950575936e-02
7.923930269413630156e-02
7.668711656441717928e-02
7.541478129713423406e-02
7.680491551459293909e-02
7.818608287724786166e-02
7.710100231303006202e-02
7.639419404125286084e-02
7.806401249024200184e-02
8.130081300813007950e-02
7.993605115907274905e-02
7.961783439490445480e-02
7.818608287724786166e-02
7.936507936507936067e-02
8.481764206955047514e-02
8.992805755395684442e-02
9.756097560975610095e-02
9.803921568627452232e-02
1.062699256110520712e-01
1.023541453428863934e-01
9.615384615384614531e-02
9.107468123861565956e-02
8.960573476702508866e-02
9.149130832570906424e-02
9.233610341643581909e-02
9.259259259259258745e-02
9.487666034155597949e-02
9.337068160597571109e-02
9.107468123861565956e-02
9.107468123861565956e-02
8.944543828264758800e-02
8.787346221441123817e-02
8.888888888888889228e-02
8.733624454148472549e-02
8.857395925597874586e-02
8.912655971479500894e-02
8.984725965858041119e-02
8.818342151675484519e-02
8.673026886383347622e-02
8.968609865470851539e-02
8.841732979664013170e-02
8.605851979345956193e-02
8.710801393728222208e-02
8.680555555555555247e-02
8.764241893076249457e-02
8.591065292096219941e-02
7.867820613690007514e-02
7.593014426727411059e-02
7.722007722007721842e-02
7.616146230007615758e-02
7.656967840735068309e-02
7.686395080707147942e-02
8.045052292839903474e-02
8.928571428571428770e-02
9.082652134423251089e-02
8.865248226950354915e-02
8.733624454148472549e-02
8.928571428571428770e-02
8.849557522123893682e-02
8.568980291345329459e-02
8.389261744966443335e-02
7.849293563579277933e-02
7.806401249024200184e-02
7.651109410864574689e-02
7.610350076103500339e-02
7.220216606498194856e-02
7.067137809187279407e-02
7.256894049346879205e-02
7.363770250368188719e-02
7.241129616220129406e-02
7.288629737609328418e-02
7.173601147776183240e-02
7.320644216691069017e-02
7.418397626112759047e-02
7.570022710068129157e-02
7.570022710068129157e-02
7.552870090634440647e-02
7.633587786259542207e-02
7.656967840735068309e-02
7.235890014471779708e-02
7.012622720897615514e-02
6.930006930006929466e-02
7.112375533428164087e-02
7.412898443291326966e-02
7.363770250368188719e-02
7.358351729212656012e-02
7.485029940119761194e-02
7.347538574577516801e-02
7.153075822603718881e-02
7.235890014471779708e-02
7.132667617689016082e-02
7.199424046076313699e-02
7.496251874062968834e-02
7.369196757553427013e-02
7.530120481927711495e-02
7.369196757553427013e-02
7.490636704119850442e-02
7.575757575757575968e-02
7.235890014471779708e-02
7.122507122507122646e-02
7.309941520467835852e-02
7.794232268121589757e-02
7.961783439490445480e-02
7.794232268121589757e-02
7.173601147776183240e-02
7.246376811594203160e-02
7.320644216691069017e-02
7.299270072992701530e-02
7.142857142857142461e-02
7.235890014471779708e-02
6.939625260235947335e-02
6.849315068493150305e-02
6.788866259334691566e-02
6.788866259334691566e-02
6.743088334457181254e-02
6.426735218508997094e-02
6.013229104028863792e-02
6.020469596628537368e-02
5.624296962879639372e-02
5.216484089723525536e-02
5.192107995846313023e-02
5.288207297726070510e-02
5.282620179609086308e-02
5.491488193300383958e-02
5.662514156285390621e-02
5.875440658049353726e-02
5.714285714285714107e-02
5.720823798627001910e-02
5.773672055427251509e-02
5.717552887364208553e-02
5.662514156285390621e-02
5.611672278338945136e-02
5.851375073142188465e-02
5.959475566150178316e-02
6.045949214026602458e-02
5.952380952380952051e-02
5.861664712778429792e-02
5.803830528148577750e-02
6.020469596628537368e-02
6.215040397762585517e-02
6.422607578676942097e-02
6.553079947575360387e-02
6.825938566552901265e-02
6.743088334457181254e-02
6.830601092896174120e-02
6.622516556291391243e-02
6.501950585175551856e-02
6.596306068601583139e-02
6.406149903907751297e-02
6.157635467980296373e-02
6.188118811881188064e-02
5.868544600938967182e-02
5.586592178770950073e-02
5.296610169491525882e-02
5.170630816959669029e-02
5.120327700972861912e-02
5.058168942842691113e-02
5.025125628140703765e-02
5.032712632108706646e-02
5.202913631633715452e-02
5.277044854881266650e-02
5.200208008320332531e-02
5.175983436853001662e-02
5.344735435595937556e-02
5.339028296849972904e-02
5.271481286241434111e-02
5.431830526887561350e-02
5.546311702717692665e-02
5.640157924421883989e-02
5.561735261401556940e-02
5.608524957936063260e-02
5.633802816901408578e-02
5.503577325261419656e-02
5.263157894736841813e-02
5.285412262156447688e-02
5.310674455655868542e-02
5.420054200542005762e-02
5.497526113249037727e-02
5.740528128587829571e-02
6.172839506172839857e-02
6.305170239596469273e-02
6.079027355623100454e-02
6.086427267194156887e-02
6.289308176100628922e-02
6.172839506172839857e-02
6.277463904582548937e-02
6.493506493506492894e-02
6.693440428380187379e-02
6.557377049180328210e-02
6.146281499692685807e-02
6.222775357809583185e-02
6.397952655150351831e-02
6.285355122564424690e-02
6.215040397762585517e-02
6.250000000000000000e-02
6.226650062266501223e-02
6.285355122564424690e-02
6.329113924050631945e-02
6.406149903907751297e-02
6.451612903225806273e-02
6.406149903907751297e-02
6.613756613756614777e-02
6.527415143603132464e-02
6.596306068601583139e-02
6.715916722632639391e-02
6.430868167202571928e-02
6.381620931716655565e-02
6.451612903225806273e-02
6.277463904582548937e-02
6.697923643670462834e-02
6.835269993164728997e-02
7.315288953913678949e-02
7.272727272727272374e-02
6.578947368421052266e-02
6.184291898577612412e-02
5.889281507656065479e-02
5.896226415094339007e-02
5.827505827505827241e-02
5.555555555555555247e-02
5.211047420531526170e-02
4.960317460317460042e-02
4.960317460317460042e-02
4.837929366231252803e-02
4.746084480303749270e-02
4.384042086804033900e-02
4.128819157720892141e-02
4.071661237785016707e-02
3.877471888328809513e-02
3.720238095238095205e-02
3.941663381947181632e-02
4.177109440267334772e-02
4.355400696864111104e-02
4.347826086956521618e-02
4.284490145672664729e-02
4.361098996947231077e-02
4.502476361999099147e-02
4.593477262287552071e-02
4.719207173194903127e-02
4.948045522018802711e-02
5.282620179609086308e-02
5.787037037037036369e-02
5.777007510109763433e-02
5.467468562055768228e-02
5.479452054794520244e-02
5.356186395286555157e-02
5.302226935312831513e-02
5.324813631522896246e-02
5.611672278338945136e-02
5.861664712778429792e-02
5.485463521667580805e-02
5.285412262156447688e-02
4.870920603994154802e-02
4.975124378109452294e-02
5.173305742369374571e-02
5.422993492407808536e-02
5.608524957936063260e-02
5.991611743559016601e-02
6.169031462060456383e-02
6.090133982947624341e-02
6.016847172081828815e-02
5.824111822947000000e-02
5.724098454493417587e-02
6.086427267194156887e-02
6.489292667099286205e-02
6.527415143603132464e-02
6.418485237483953498e-02
6.501950585175551856e-02
6.882312456985546778e-02
7.072135785007072073e-02
6.706908115358820033e-02
6.523157208088714576e-02
6.561679790026246628e-02
6.389776357827475772e-02
6.464124111182933952e-02
6.666666666666666574e-02
6.518904823989569997e-02
6.195786864931845939e-02
5.934718100890207237e-02
5.889281507656065479e-02
5.977286312014345321e-02
6.067961165048543770e-02
6.510416666666667129e-02
6.835269993164728997e-02
6.779661016949152519e-02
6.779661016949152519e-02
7.027406886858748869e-02
7.230657989877078973e-02
7.262164124909223362e-02
7.974481658692185448e-02
7.867820613690007514e-02
7.727975270479134351e-02
7.668711656441717928e-02
7.570022710068129157e-02
7.949125596184419829e-02
8.190008190008189748e-02
8.190008190008189748e-02
8.077544426494345786e-02
8.278145695364239054e-02
7.987220447284344715e-02
7.407407407407406996e-02
6.988120195667364698e-02
6.811989100817439358e-02
6.666666666666666574e-02
6.459948320413436140e-02
5.980861244019139433e-02
6.317119393556537565e-02
5.763688760806916223e-02
6.199628022318661585e-02
6.134969325153374203e-02
6.188118811881188064e-02
6.277463904582548937e-02
6.165228113440197888e-02
6.289308176100628922e-02
6.289308176100628922e-02
6.369426751592356661e-02
6.493506493506492894e-02
6.406149903907751297e-02
6.548788474132286042e-02
6.720430107526881303e-02
6.693440428380187379e-02
6.644518272425248284e-02
6.752194463200539287e-02
7.097232079488999257e-02
7.513148009015777062e-02
7.824726134585290038e-02
7.347538574577516801e-02
7.293946024799416450e-02
7.485029940119761194e-02
7.698229407236335808e-02
7.739938080495356587e-02
8.077544426494345786e-02
8.347245409015024986e-02
8.496176720475785704e-02
8.576329331046311788e-02
8.733624454148472549e-02
8.568980291345329459e-02
8.064516129032257841e-02
7.886435331230283452e-02
8.051529790660225117e-02
8.025682182985553748e-02
7.782101167315175205e-02
7.898894154818325575e-02
7.836990595611285915e-02
7.473841554559042255e-02
7.178750897343862125e-02
6.830601092896174120e-02
6.410256410256411075e-02
6.038647342995169531e-02
5.938242280285035979e-02
5.991611743559016601e-02
5.910165484633569249e-02
5.910165484633569249e-02
6.153846153846154188e-02
6.648936170212765839e-02
6.743088334457181254e-02
6.706908115358820033e-02
6.631299734748011265e-02
6.770480704129992755e-02
6.839945280437756403e-02
7.037297677691765896e-02
7.022471910112360050e-02
6.863417982155113617e-02
6.988120195667364698e-02
7.241129616220129406e-02
7.423904974016332092e-02
7.704160246533127421e-02
7.686395080707147942e-02
7.974481658692185448e-02
7.501875468867216790e-02
7.352941176470588480e-02
7.656967840735068309e-02
7.575757575757575968e-02
7.722007722007721842e-02
7.861635220125785806e-02
8.025682182985553748e-02
8.802816901408451467e-02
8.658008658008657654e-02
8.865248226950354915e-02
9.057971014492754991e-02
8.620689655172414367e-02
9.208103130755064536e-02
9.191176470588234559e-02
1.019367991845055998e-01
1.069518716577540079e-01
1.005025125628140753e-01
9.532888465204956974e-02
9.794319294809010479e-02
9.319664492078284790e-02
8.748906386701663096e-02
8.216926869350862916e-02
8.116883116883116811e-02
7.745933384972888969e-02
7.347538574577516801e-02
7.342143906020558164e-02
7.173601147776183240e-02
6.644518272425248284e-02
6.422607578676942097e-02
6.565988181221273090e-02
6.930006930006929466e-02
7.007708479327259821e-02
6.868131868131867324e-02
6.802721088435374763e-02
6.835269993164728997e-02
6.891798759476223946e-02
6.877579092159560870e-02
7.017543859649122417e-02
7.137758743754461788e-02
7.320644216691069017e-02
7.380073800738007339e-02
7.513148009015777062e-02
7.770007770007771042e-02
7.552870090634440647e-02
7.716049382716048954e-02
7.818608287724786166e-02
8.190008190008189748e-02
8.591065292096219941e-02
8.361204013377926403e-02
8.278145695364239054e-02
7.886435331230283452e-02
7.867820613690007514e-02
8.064516129032257841e-02
7.745933384972888969e-02
7.496251874062968834e-02
7.457121551081281885e-02
7.363770250368188719e-02
7.087172218284903957e-02
6.825938566552901265e-02
6.734006734006733885e-02
6.944444444444444753e-02
7.209805335255949077e-02
7.032348804500702932e-02
6.635700066357000382e-02
6.476683937823835002e-02
6.570302233902759748e-02
6.729475100942126919e-02
6.640106241699866851e-02
6.535947712418301025e-02
6.635700066357000382e-02
6.734006734006733885e-02
6.821282401091405267e-02
6.761325219743069548e-02
6.821282401091405267e-02
6.930006930006929466e-02
7.097232079488999257e-02
7.462686567164178442e-02
7.462686567164178442e-02
7.674597083653109109e-02
7.757951900698215053e-02
7.698229407236335808e-02
7.843137254901960675e-02
8.190008190008189748e-02
8.012820512820512109e-02
7.733952049497293257e-02
7.593014426727411059e-02
7.770007770007771042e-02
7.898894154818325575e-02
7.836990595611285915e-02
7.418397626112759047e-02
7.215007215007215868e-02
7.241129616220129406e-02
7.304601899196494497e-02
7.153075822603718881e-02
7.072135785007072073e-02
7.369196757553427013e-02
7.246376811594203160e-02
7.127583749109052402e-02
7.007708479327259821e-02
6.891798759476223946e-02
7.077140835102618821e-02
7.352941176470588480e-02
7.861635220125785806e-02
8.058017727639001093e-02
7.861635220125785806e-02
8.424599831508003400e-02
8.703220191470843747e-02
9.115770282588878115e-02
9.099181073703366263e-02
9.124087591240875872e-02
8.968609865470851539e-02
8.984725965858041119e-02
9.285051067780873690e-02
1.001001001001000923e-01
1.074113856068743267e-01
1.136363636363636326e-01
1.209189842805320492e-01
1.242236024844720343e-01
1.287001287001287020e-01
1.364256480218281053e-01
1.412429378531073476e-01
1.412429378531073476e-01
1.424501424501424529e-01
1.445086705202312249e-01
1.560062402496099898e-01
1.577287066246056690e-01
1.647446457990115187e-01
1.577287066246056690e-01
1.577287066246056690e-01
1.610305958132045023e-01
1.555209953343701379e-01
1.574803149606299191e-01
1.597444089456868943e-01
1.652892561983471120e-01
1.721170395869191239e-01
1.848428835489833721e-01
1.883239171374764820e-01
1.742160278745644442e-01
1.658374792703150857e-01
1.658374792703150857e-01
1.642036124794745422e-01
1.557632398753893976e-01
1.524390243902438991e-01
1.479289940828402428e-01
1.434720229555236648e-01
1.410437235543018364e-01
1.321003963011888882e-01
1.257861635220125784e-01
1.253132832080200432e-01
1.254705144291091701e-01
1.243781094527363351e-01
1.200480192076830710e-01
1.156069364161849689e-01
1.075268817204300953e-01
1.042752867570385794e-01
1.004016064257027968e-01
1.070663811563169199e-01
1.049317943336831177e-01
9.930486593843097787e-02
1.017293997965412061e-01
1.042752867570385794e-01
1.040582726326743090e-01
1.121076233183856546e-01
1.035196687370600332e-01
1.030927835051546476e-01
1.086956521739130543e-01
1.091703056768558999e-01
1.079913606911447055e-01
1.109877913429522800e-01
1.058201058201058281e-01
1.042752867570385794e-01
1.083423618634886260e-01
1.175088131609870745e-01
1.064962726304579249e-01
1.013171225937183478e-01
9.775171065493645783e-02
9.115770282588878115e-02
8.250825082508250752e-02
8.319467554076540039e-02
7.692307692307692735e-02
7.132667617689016082e-02
6.317119393556537565e-02
5.595970900951315052e-02
4.710315591144606517e-02
3.966679888932962694e-02
4.428697962798937293e-02
4.782400765184122160e-02
5.037783375314860979e-02
5.154639175257732381e-02
5.353319057815845994e-02
5.800464037122970290e-02
6.150061500615005422e-02
6.305170239596469273e-02
6.510416666666667129e-02
6.729475100942126919e-02
7.462686567164178442e-02
7.861635220125785806e-02
8.025682182985553748e-02
7.955449482895783631e-02
8.084074373484236020e-02
8.643042350907519100e-02
9.354536950420955232e-02
1.001001001001000923e-01
1.066098081023454103e-01
1.090512540894220256e-01
1.113585746102449814e-01
1.160092807424594058e-01
1.156069364161849689e-01
1.146788990825687998e-01
1.104972375690607689e-01
1.095290251916757884e-01
1.112347052280311388e-01
1.133786848072562276e-01
1.132502831257078124e-01
1.106194690265486780e-01
1.052631578947368363e-01
1.013171225937183478e-01
1.019367991845055998e-01
1.027749229188078123e-01
9.689922480620154210e-02
9.157509157509156894e-02
9.041591320072332738e-02
9.216589861751152413e-02
9.718172983479106408e-02
1.009081735620585285e-01
1.002004008016031955e-01
1.009081735620585285e-01
1.006036217303823005e-01
1.016260162601625994e-01
1.016260162601625994e-01
1.007049345417925512e-01
9.980039920159680666e-02
1.003009027081243620e-01
9.871668311944717389e-02
9.852216748768471977e-02
1.057082452431289538e-01
1.085776330076004270e-01
1.077586206896551796e-01
1.027749229188078123e-01
9.861932938856014796e-02
9.469696969696969613e-02
9.328358208955223052e-02
9.541984732824426718e-02
9.407337723424270826e-02
9.191176470588234559e-02
9.174311926605503709e-02
8.912655971479500894e-02
8.710801393728222208e-02
8.424599831508003400e-02
8.071025020177562126e-02
7.892659826361483888e-02
7.645259938837919989e-02
7.194244604316546443e-02
6.747638326585694846e-02
6.788866259334691566e-02
6.570302233902759748e-02
6.357279084551811787e-02
6.464124111182933952e-02
6.666666666666666574e-02
6.447453255963894736e-02
6.184291898577612412e-02
6.108735491753206764e-02
6.544502617801047084e-02
6.618133686300463336e-02
6.523157208088714576e-02
6.195786864931845939e-02
6.180469715698393152e-02
5.885815185403178718e-02
5.959475566150178316e-02
5.627462014631401388e-02
5.675368898978433441e-02
5.656108597285067902e-02
5.763688760806916223e-02
5.753739930955121401e-02
5.717552887364208553e-02
5.316321105794790530e-02
5.094243504839531672e-02
4.957858205255329109e-02
5.614823133071308869e-02
7.727975270479134351e-02
7.524454477050414314e-02
7.173601147776183240e-02
6.514657980456026176e-02
6.056935190793458212e-02
5.488474204171240461e-02
5.608524957936063260e-02
5.995203836930455832e-02
5.871990604815031933e-02
5.691519635742742916e-02
5.437737901033169730e-02
6.009615384615384082e-02
6.153846153846154188e-02
6.253908692933082825e-02
5.882352941176470507e-02
5.291005291005291405e-02
5.020080321285139840e-02
5.359056806002143736e-02
5.720823798627001910e-02
5.694760820045558641e-02
5.302226935312831513e-02
5.252100840336134530e-02
5.917159763313609849e-02
6.535947712418301025e-02
6.161429451632778609e-02
7.225433526011561247e-02
7.147962830593281025e-02
7.007708479327259821e-02
6.779661016949152519e-02
8.650519031141867821e-02
9.560229445506691903e-02
1.069518716577540079e-01
9.842519685039369248e-02
6.329113924050631945e-02
5.567928730512249069e-02
6.226650062266501223e-02
6.053268765133171941e-02
6.013229104028863792e-02
5.817335660267596714e-02
6.640106241699866851e-02
6.702412868632708076e-02
6.097560975609756656e-02
4.764173415912339310e-02
4.089979550102249700e-02
3.806623524933384212e-02
4.030632809351068074e-02
4.088307440719542163e-02
4.555808656036446774e-02
4.474272930648769131e-02
4.413062665489850267e-02
4.214075010535187765e-02
3.960396039603960444e-02
4.214075010535187765e-02
4.182350480970305207e-02
4.697040864255519477e-02
4.677268475210477616e-02
4.955401387512388400e-02
5.200208008320332531e-02
5.376344086021504765e-02
5.382131324004306439e-02
5.279831045406546686e-02
5.291005291005291405e-02
6.153846153846154188e-02
7.235890014471779708e-02
8.680555555555555247e-02
8.368200836820084698e-02
8.032128514056224855e-02
8.006405124099279236e-02
7.451564828614008762e-02
6.830601092896174120e-02
6.544502617801047084e-02
6.377551020408163407e-02
5.827505827505827241e-02
5.827505827505827241e-02
5.595970900951315052e-02
5.361930294906166322e-02
5.316321105794790530e-02
5.509641873278237068e-02
6.031363088057901944e-02
5.991611743559016601e-02
5.783689994216310165e-02
5.797101449275362389e-02
5.858230814294083239e-02
5.724098454493417587e-02
5.720823798627001910e-02
5.977286312014345321e-02
5.970149253731343170e-02
5.963029218843172302e-02
6.134969325153374203e-02
6.644518272425248284e-02
7.077140835102618821e-02
7.479431563201197064e-02
7.163323782234956583e-02
7.189072609633356814e-02
8.488964346349746337e-02
9.689922480620154210e-02
1.035196687370600332e-01
1.025641025641025605e-01
9.523809523809523281e-02
9.267840593141798977e-02
9.407337723424270826e-02
9.132420091324201794e-02
8.382229673093043176e-02
7.541478129713423406e-02
5.882352941176470507e-02
5.443658138268916286e-02
5.277044854881266650e-02
4.798464491362763873e-02
4.844961240310077105e-02
5.042864346949067766e-02
5.307855626326964116e-02
5.537098560354374727e-02
5.730659025787965960e-02
6.711409395973154390e-02
6.618133686300463336e-02
6.648936170212765839e-02
6.631299734748011265e-02
6.872852233676975120e-02
6.341154090044388847e-02
6.510416666666667129e-02
6.868131868131867324e-02
7.278020378457059070e-02
7.558578987150416095e-02
7.855459544383346093e-02
8.149959250203749062e-02
8.203445447087777398e-02
9.671179883945842104e-02
1.075268817204300953e-01
1.054852320675105370e-01
1.046025104602510414e-01
1.016260162601625994e-01
9.970089730807578376e-02
9.652509652509652649e-02
9.970089730807578376e-02
9.980039920159680666e-02
1.068376068376068466e-01
1.064962726304579249e-01
1.109877913429522800e-01
1.145475372279495946e-01
1.117318435754190015e-01
1.095290251916757884e-01
1.132502831257078124e-01
1.161440185830429767e-01
1.200480192076830710e-01
1.248439450686641694e-01
1.324503311258278249e-01
1.254705144291091701e-01
1.248439450686641694e-01
1.270648030495552805e-01
1.300390117035110371e-01
1.261034047919293855e-01
1.176470588235294101e-01
1.118568232662192491e-01
1.109877913429522800e-01
1.083423618634886260e-01
1.040582726326743090e-01
1.055966209081309337e-01
1.082251082251082241e-01
1.034126163391933806e-01
9.881422924901187010e-02
9.661835748792270417e-02
9.442870632672333009e-02
9.165902841429880710e-02
9.090909090909091161e-02
8.849557522123893682e-02
9.259259259259258745e-02
9.009009009009009972e-02
8.695652173913043237e-02
8.710801393728222208e-02
8.190008190008189748e-02
7.905138339920948776e-02
7.930214115781127060e-02
7.686395080707147942e-02
7.794232268121589757e-02
7.633587786259542207e-02
7.262164124909223362e-02
7.027406886858748869e-02
7.077140835102618821e-02
7.142857142857142461e-02
7.047216349541930713e-02
7.178750897343862125e-02
7.097232079488999257e-02
6.968641114982578044e-02
6.816632583503749732e-02
6.891798759476223946e-02
6.816632583503749732e-02
6.657789613848202892e-02
6.626905235255135806e-02
6.743088334457181254e-02
6.697923643670462834e-02
6.250000000000000000e-02
5.938242280285035979e-02
5.691519635742742916e-02
5.540166204986149423e-02
5.216484089723525536e-02
5.091649694501017981e-02
5.133470225872689696e-02
4.716981132075472039e-02
4.599816007359706221e-02
4.520795660036166369e-02
4.746084480303749270e-02
4.933399111988159835e-02
5.896226415094339007e-02
6.418485237483953498e-02
6.830601092896174120e-02
7.007708479327259821e-02
7.429420505200594327e-02
7.593014426727411059e-02
8.375209380234506507e-02
9.090909090909091161e-02
9.643201542912246960e-02
9.699321047526672512e-02
9.363295880149813399e-02
9.784735812133071864e-02
1.028806584362139814e-01
1.016260162601625994e-01
1.041666666666666713e-01
1.070663811563169199e-01
1.108647450110864796e-01
1.189060642092746728e-01
1.196172248803827887e-01
1.142857142857142821e-01
1.121076233183856546e-01
1.106194690265486780e-01
1.175088131609870745e-01
1.254705144291091701e-01
1.314060446780551950e-01
1.324503311258278249e-01
1.449275362318840632e-01
1.508295625942684681e-01
1.510574018126888129e-01
1.589825119236883966e-01
1.597444089456868943e-01
1.602564102564102422e-01
1.618122977346278524e-01
1.718213058419243988e-01
1.623376623376623362e-01
1.564945226917058008e-01
1.543209876543209791e-01
1.490312965722801752e-01
1.455604075691411814e-01
1.402524544179523103e-01
1.385041551246537495e-01
1.367989056087551281e-01
1.366120218579234824e-01
1.360544217687074953e-01
1.345895020188425384e-01
1.355013550135501510e-01
1.497005988023952239e-01
1.443001443001443174e-01
1.426533523537803216e-01
1.388888888888888951e-01
1.412429378531073476e-01
1.438848920863309289e-01
1.336898395721924926e-01
1.288659793814433130e-01
1.308900523560209417e-01
1.273885350318471332e-01
1.256281407035175768e-01
1.262626262626262708e-01
1.207729468599033906e-01
1.127395715896279682e-01
1.069518716577540079e-01
1.064962726304579249e-01
1.084598698481561707e-01
1.042752867570385794e-01
1.003009027081243620e-01
1.016260162601625994e-01
1.008064516129032334e-01
1.003009027081243620e-01
9.940357852882703016e-02
9.596928982725527746e-02
9.354536950420955232e-02
9.345794392523365524e-02
9.523809523809523281e-02
9.784735812133071864e-02
9.532888465204956974e-02
9.216589861751152413e-02
9.208103130755064536e-02
9.354536950420955232e-02
9.345794392523365524e-02
9.940357852882703016e-02
1.000000000000000056e-01
1.048218029350104913e-01
1.038421599169262605e-01
1.040582726326743090e-01
1.095290251916757884e-01
1.058201058201058281e-01
1.029866117404737297e-01
1.011122345803842221e-01
9.910802775024776801e-02
9.746588693957115856e-02
9.596928982725527746e-02
9.310986964618249428e-02
9.041591320072332738e-02
9.049773755656108365e-02
8.703220191470843747e-02
8.547008547008547175e-02
8.361204013377926403e-02
8.319467554076540039e-02
8.143322475570033414e-02
7.923930269413630156e-02
7.961783439490445480e-02
7.874015748031495954e-02
8.110300081103000158e-02
8.071025020177562126e-02
8.333333333333332871e-02
8.097165991902834092e-02
7.716049382716048954e-02
7.936507936507936067e-02
7.757951900698215053e-02
8.312551953449709430e-02
7.917656373713380380e-02
7.980845969672785423e-02
8.250825082508250752e-02
8.250825082508250752e-02
7.770007770007771042e-02
7.616146230007615758e-02
7.800312012480499491e-02
7.782101167315175205e-02
7.283321194464675852e-02
7.230657989877078973e-02
7.385524372230428680e-02
7.446016381236038317e-02
7.490636704119850442e-02
7.342143906020558164e-02
7.496251874062968834e-02
7.830853563038371601e-02
7.722007722007721842e-02
7.564296520423599568e-02
7.293946024799416450e-02
7.194244604316546443e-02
7.082152974504249410e-02
7.535795026375283201e-02
7.892659826361483888e-02
8.333333333333332871e-02
8.431703204047218125e-02
8.354218880534669545e-02
8.006405124099279236e-02
7.794232268121589757e-02
7.457121551081281885e-02
7.251631617113851735e-02
6.863417982155113617e-02
6.548788474132286042e-02
6.337135614702155140e-02
6.071645415907711563e-02
5.882352941176470507e-02
5.659309564233162837e-02
5.497526113249037727e-02
5.402485143165856180e-02
5.327650506126797858e-02
5.543237250554323980e-02
5.537098560354374727e-02
5.614823133071308869e-02
5.698005698005698116e-02
5.917159763313609849e-02
5.707762557077625948e-02
5.757052389176740836e-02
6.013229104028863792e-02
5.995203836930455832e-02
5.945303210463733640e-02
5.740528128587829571e-02
5.841121495327102758e-02
6.079027355623100454e-02
6.161429451632778609e-02
6.006006006006006648e-02
5.980861244019139433e-02
5.694760820045558641e-02
5.844535359438924466e-02
5.780346820809248443e-02
5.966587112171837376e-02
6.086427267194156887e-02
5.896226415094339007e-02
5.757052389176740836e-02
5.376344086021504765e-02
5.065856129685917392e-02
4.819277108433735191e-02
4.664179104477611526e-02
4.587155963302751854e-02
4.616805170821790955e-02
4.640371229698375677e-02
4.490345756623260326e-02
4.535147392290249380e-02
4.553734061930782978e-02
4.422821760283060510e-02
4.446420631391730105e-02
4.705882352941176405e-02
4.714757190004714715e-02
4.793863854266539049e-02
5.000000000000000278e-02
5.455537370430987854e-02
6.238303181534621961e-02
6.127450980392156604e-02
5.998800239952008923e-02
6.086427267194156887e-02
6.369426751592356661e-02
6.035003017501508471e-02
5.858230814294083239e-02
5.662514156285390621e-02
5.608524957936063260e-02
5.649717514124293766e-02
5.458515283842794996e-02
5.414185165132647665e-02
5.476451259583789422e-02
5.617977528089887485e-02
5.521811154058531290e-02
5.434782608695652717e-02
5.449591280653950237e-02
5.506607929515418276e-02
5.420054200542005762e-02
5.327650506126797858e-02
5.333333333333333676e-02
5.305039787798408041e-02
5.291005291005291405e-02
5.302226935312831513e-02
5.396654074473825752e-02
5.260389268805891472e-02
5.393743257820927950e-02
5.359056806002143736e-02
5.299417064122945858e-02
5.293806246691371009e-02
5.420054200542005762e-02
5.333333333333333676e-02
5.344735435595937556e-02
5.390835579514824394e-02
5.379236148466917666e-02
5.361930294906166322e-02
5.691519635742742916e-02
5.753739930955121401e-02
5.704506560182543567e-02
5.571030640668524214e-02
5.524861878453038444e-02
5.555555555555555247e-02
5.659309564233162837e-02
5.614823133071308869e-02
5.707762557077625948e-02
6.009615384615384082e-02
5.871990604815031933e-02
6.246096189881323452e-02
6.345177664974618881e-02
6.381620931716655565e-02
6.811989100817439358e-02
7.082152974504249410e-02
7.163323782234956583e-02
6.835269993164728997e-02
6.825938566552901265e-02
6.531678641410842978e-02
6.277463904582548937e-02
6.093845216331505305e-02
5.948839976204640251e-02
5.800464037122970290e-02
5.830903790087463984e-02
5.720823798627001910e-02
5.621135469364811621e-02
5.530973451327433899e-02
5.549389567147614000e-02
5.740528128587829571e-02
5.592841163310962455e-02
5.646527385657820058e-02
5.952380952380952051e-02
6.105006105006105521e-02
5.730659025787965960e-02
5.646527385657820058e-02
5.543237250554323980e-02
5.583472920156336977e-02
5.737234652897303666e-02
5.586592178770950073e-02
5.485463521667580805e-02
5.431830526887561350e-02
5.408328826392645033e-02
5.665722379603400222e-02
5.714285714285714107e-02
5.861664712778429792e-02
5.750431282346175899e-02
5.577244841048522445e-02
5.889281507656065479e-02
6.184291898577612412e-02
6.234413965087282072e-02
6.230529595015576322e-02
6.127450980392156604e-02
6.045949214026602458e-02
6.345177664974618881e-02
6.345177664974618881e-02
6.514657980456026176e-02
6.349206349206348854e-02
6.506180871828237677e-02
7.304601899196494497e-02
7.304601899196494497e-02
7.220216606498194856e-02
6.949270326615705762e-02
6.489292667099286205e-02
6.261740763932373277e-02
6.176652254478072479e-02
5.698005698005698116e-02
5.518763796909492009e-02
5.344735435595937556e-02
5.241090146750524564e-02
5.099439061703212733e-02
5.202913631633715452e-02
5.336179295624333269e-02
5.411255411255411207e-02
5.546311702717692665e-02
5.461496450027308186e-02
5.675368898978433441e-02
6.045949214026602458e-02
5.747126436781609810e-02
5.552470849528039210e-02
5.488474204171240461e-02
5.393743257820927950e-02
5.387931034482758980e-02
5.494505494505494414e-02
5.527915975677169524e-02
5.621135469364811621e-02
5.479452054794520244e-02
5.611672278338945136e-02
5.688282138794084619e-02
5.497526113249037727e-02
5.464480874316939712e-02
5.527915975677169524e-02
5.844535359438924466e-02
6.049606775559588506e-02
6.293266205160477633e-02
6.609385327164572776e-02
6.896551724137930939e-02
6.978367062107466989e-02
7.262164124909223362e-02
7.283321194464675852e-02
7.147962830593281025e-02
7.849293563579277933e-02
8.605851979345956193e-02
8.561643835616437881e-02
8.873114463176574873e-02
8.576329331046311788e-02
9.182736455463727521e-02
9.606147934678194167e-02
9.737098344693281837e-02
1.117318435754190015e-01
1.182033096926713850e-01
1.336898395721924926e-01
1.302083333333333426e-01
1.250000000000000000e-01
1.326259946949602253e-01
1.204819277108433589e-01
1.072961373390557971e-01
1.009081735620585285e-01
9.784735812133071864e-02
9.017132551848512645e-02
8.613264427217916241e-02
8.532423208191125541e-02
9.132420091324201794e-02
9.165902841429880710e-02
8.833922261484099259e-02
8.764241893076249457e-02
8.976660682226211829e-02
8.460236886632825637e-02
8.375209380234506507e-02
8.568980291345329459e-02
8.688097306689834820e-02
8.944543828264758800e-02
9.082652134423251089e-02
8.976660682226211829e-02
9.149130832570906424e-02
9.049773755656108365e-02
9.487666034155597949e-02
9.671179883945842104e-02
9.460737937559129951e-02
9.606147934678194167e-02
9.920634920634920084e-02
1.002004008016031955e-01
1.028806584362139814e-01
1.043841336116910212e-01
1.049317943336831177e-01
1.049317943336831177e-01
1.085776330076004270e-01
1.112347052280311388e-01
1.149425287356321962e-01
1.148105625717565914e-01
1.160092807424594058e-01
1.207729468599033906e-01
1.225490196078431321e-01
1.230012300123001084e-01
1.189060642092746728e-01
1.142857142857142821e-01
1.149425287356321962e-01
1.166861143523920674e-01
1.102535832414553441e-01
1.113585746102449814e-01
1.175088131609870745e-01
1.275510204081632681e-01
1.283697047496790700e-01
1.269035532994923776e-01
1.321003963011888882e-01
1.328021248339973370e-01
1.324503311258278249e-01
1.379310344827586188e-01
1.375515818431912174e-01
1.383125864453665088e-01
1.342281879194630878e-01
1.347708894878706098e-01
1.406469760900140586e-01
1.426533523537803216e-01
1.379310344827586188e-01
1.353179972936400521e-01
1.314060446780551950e-01
1.459854014598540306e-01
1.472754050073637744e-01
1.398601398601398427e-01
1.303780964797913999e-01
1.239157372986369188e-01
1.193317422434367475e-01
1.157407407407407274e-01
1.128668171557562216e-01
1.088139281828073984e-01
1.109877913429522800e-01
1.108647450110864796e-01
1.141552511415525190e-01
1.094091903719912467e-01
1.095290251916757884e-01
1.128668171557562216e-01
1.135073779795686688e-01
1.169590643274853736e-01
1.170960187353630028e-01
1.290322580645161255e-01
1.277139208173690976e-01
1.246882793017456414e-01
1.240694789081885768e-01
1.293661060802069884e-01
1.308900523560209417e-01
1.336898395721924926e-01
1.254705144291091701e-01
1.236093943139678630e-01
1.291989664082687228e-01
1.277139208173690976e-01
1.254705144291091701e-01
1.107419712070874945e-01
9.990009990009990348e-02
9.372071227741331223e-02
9.066183136899365336e-02
8.710801393728222208e-02
8.510638297872340219e-02
8.176614881439084326e-02
7.911392405063290278e-02
7.639419404125286084e-02
7.564296520423599568e-02
7.680491551459293909e-02
8.045052292839903474e-02
7.955449482895783631e-02
8.077544426494345786e-02
8.347245409015024986e-02
8.532423208191125541e-02
8.680555555555555247e-02
9.442870632672333009e-02
9.699321047526672512e-02
9.881422924901187010e-02
1.014198782961460571e-01
1.058201058201058281e-01
1.079913606911447055e-01
1.000000000000000056e-01
9.970089730807578376e-02
1.006036217303823005e-01
9.990009990009990348e-02
1.011122345803842221e-01
9.652509652509652649e-02
9.107468123861565956e-02
9.132420091324201794e-02
8.928571428571428770e-02
8.583690987124463490e-02
8.264462809917355601e-02
8.045052292839903474e-02
8.156606851549755288e-02
8.271298593879239380e-02
8.071025020177562126e-02
7.501875468867216790e-02
7.047216349541930713e-02
7.002801120448179373e-02
6.631299734748011265e-02
6.250000000000000000e-02
6.127450980392156604e-02
6.142506142506141964e-02
5.995203836930455832e-02
6.142506142506141964e-02
6.042296072507552518e-02
6.230529595015576322e-02
6.203473945409428841e-02
5.959475566150178316e-02
5.824111822947000000e-02
5.552470849528039210e-02
5.302226935312831513e-02
5.162622612287041252e-02
5.141388174807198091e-02
5.065856129685917392e-02
4.784688995215310992e-02
4.805382027871216155e-02
4.668534080298785555e-02
4.977600796416127571e-02
5.854800936768150138e-02
6.920415224913495367e-02
7.262164124909223362e-02
7.132667617689016082e-02
7.062146892655367381e-02
6.997900629811057427e-02
7.468259895444361030e-02
8.058017727639001093e-02
8.006405124099279236e-02
8.183306055646480393e-02
8.488964346349746337e-02
8.481764206955047514e-02
8.319467554076540039e-02
8.643042350907519100e-02
8.591065292096219941e-02
8.460236886632825637e-02
8.354218880534669545e-02
8.525149190110827002e-02
8.285004142502071234e-02
8.006405124099279236e-02
7.788161993769469882e-02
7.446016381236038317e-02
6.983240223463686724e-02
6.821282401091405267e-02
6.738544474393530492e-02
6.802721088435374763e-02
6.561679790026246628e-02
6.609385327164572776e-02
6.680026720106879701e-02
6.402048655569782254e-02
6.369426751592356661e-02
6.108735491753206764e-02
5.899705014749262455e-02
5.948839976204640251e-02
6.523157208088714576e-02
6.891798759476223946e-02
7.037297677691765896e-02
6.811989100817439358e-02
6.489292667099286205e-02
6.514657980456026176e-02
5.817335660267596714e-02
5.624296962879639372e-02
5.382131324004306439e-02
5.268703898840885330e-02
5.130836326321190632e-02
4.965243296921548893e-02
4.712535344015080646e-02
4.601932811780947569e-02
4.446420631391730105e-02
4.297378599054577086e-02
4.110152075626798823e-02
3.856536829926725946e-02
3.906250000000000000e-02
3.974562798092209914e-02
4.043671653861706516e-02
4.040404040404040747e-02
4.175365344467640849e-02
4.187604690117253253e-02
4.237288135593220151e-02
4.310344827586207184e-02
4.458314757021845931e-02
4.432624113475177458e-02
4.382120946538124728e-02
4.444444444444444614e-02
4.434589800443458629e-02
4.407227853680034668e-02
4.438526409232134567e-02
4.380201489268506498e-02
4.314063848144952806e-02
4.401408450704225733e-02
4.415011037527594162e-02
4.444444444444444614e-02
4.506534474988733302e-02
4.623208506703652826e-02
4.697040864255519477e-02
4.686035613870665612e-02
4.757373929590866246e-02
4.897159647404505239e-02
5.263157894736841813e-02
5.405405405405405705e-02
5.540166204986149423e-02
5.740528128587829571e-02
5.733944954128439991e-02
5.851375073142188465e-02
6.127450980392156604e-02
6.402048655569782254e-02
6.720430107526881303e-02
6.715916722632639391e-02
6.618133686300463336e-02
6.600660066006600046e-02
6.531678641410842978e-02
6.451612903225806273e-02
6.381620931716655565e-02
6.222775357809583185e-02
6.246096189881323452e-02
6.079027355623100454e-02
5.966587112171837376e-02
5.770340450086555717e-02
5.524861878453038444e-02
5.530973451327433899e-02
5.235602094240836973e-02
5.260389268805891472e-02
5.305039787798408041e-02
5.235602094240836973e-02
5.221932114882506942e-02
5.476451259583789422e-02
5.376344086021504765e-02
5.333333333333333676e-02
5.263157894736841813e-02
5.141388174807198091e-02
5.211047420531526170e-02
5.120327700972861912e-02
4.977600796416127571e-02
5.078720162519045206e-02
5.279831045406546686e-02
4.854368932038834877e-02
4.627487274409995688e-02
4.385964912280701511e-02
4.380201489268506498e-02
4.336513443191673811e-02
4.240882103477523757e-02
4.262574595055413501e-02
4.127115146512587429e-02
4.116920543433511687e-02
3.868471953578336148e-02
3.672420124862284252e-02
3.538570417551309411e-02
3.533568904593639703e-02
3.516174402250351466e-02
3.344481605351170422e-02
3.571428571428571230e-02
3.731343283582089221e-02
3.676470588235294240e-02
3.305785123966942241e-02
3.168567807351077570e-02
3.037667071688942774e-02
3.060912151821242738e-02
2.994908655286013591e-02
2.941176470588235253e-02
3.012955709551069783e-02
3.101736972704714421e-02
3.041362530413625059e-02
3.237293622531563220e-02
3.334444814938312962e-02
3.489183531053733495e-02
3.362474781439139110e-02
3.371544167228590627e-02
3.443526170798898167e-02
3.602305475504322813e-02
3.532320734722713129e-02
3.508771929824561209e-02
3.637686431429611178e-02
3.551136363636363952e-02
3.565062388591800496e-02
3.575259206292456110e-02
3.657644476956839474e-02
3.773584905660377214e-02
3.717472118959107980e-02
3.756574004507888531e-02
3.629764065335753381e-02
3.595828838547285300e-02
3.831417624521072512e-02
3.576537911301859440e-02
3.123048094940661726e-02
2.970002970002970019e-02
2.820078962210941995e-02
2.642007926023777833e-02
2.710027100271002881e-02
2.517623363544813780e-02
2.292526364053186841e-02
2.156566745740780625e-02
2.165908598657136433e-02
2.243661655822301940e-02
2.140869192892314379e-02
2.282583884957772175e-02
2.414875633904853963e-02
2.637130801687763426e-02
3.080714725816389304e-02
3.171582619727243701e-02
3.461405330564208682e-02
3.419972640218878202e-02
3.122073056509522271e-02
3.068425897514574785e-02
3.181673560292713754e-02
3.513703443429374434e-02
3.581661891117478291e-02
3.565062388591800496e-02
3.541076487252124705e-02
3.496503496503496067e-02
3.616636528028933234e-02
3.763643206624012194e-02
3.785011355034064578e-02
4.040404040404040747e-02
4.319654427645788775e-02
4.510599909788001738e-02
4.399472063352397738e-02
4.452359750667853749e-02
4.627487274409995688e-02
4.710315591144606517e-02
4.965243296921548893e-02
4.957858205255329109e-02
5.125576627370578842e-02
5.254860746190225668e-02
5.167958656330749051e-02
5.194805194805195148e-02
4.987531172069824964e-02
4.882812500000000000e-02
5.002501250625313034e-02
4.972650422675285731e-02
5.040322580645161671e-02
5.257623554153522533e-02
5.282620179609086308e-02
5.263157894736841813e-02
5.263157894736841813e-02
5.341880341880342331e-02
5.422993492407808536e-02
5.668934240362811378e-02
5.552470849528039210e-02
5.534034311012728247e-02
5.534034311012728247e-02
5.617977528089887485e-02
5.617977528089887485e-02
5.627462014631401388e-02
5.727376861397479729e-02
5.945303210463733640e-02
6.020469596628537368e-02
5.998800239952008923e-02
5.963029218843172302e-02
5.834305717619603371e-02
5.800464037122970290e-02
5.753739930955121401e-02
5.760368663594470084e-02
5.717552887364208553e-02
5.910165484633569249e-02
5.720823798627001910e-02
5.580357142857142461e-02
5.608524957936063260e-02
5.446623093681917521e-02
5.549389567147614000e-02
5.249343832020997302e-02
4.835589941972921052e-02
4.805382027871216155e-02
4.474272930648769131e-02
4.659832246039142395e-02
4.599816007359706221e-02
4.585052728106373682e-02
4.187604690117253253e-02
3.874467260751646852e-02
3.829950210647261460e-02
3.941663381947181632e-02
3.727171077152441336e-02
3.776435045317220324e-02
3.673769287288758401e-02
2.857959416976278699e-02
1.695489996609019986e-02
1.410238330277817018e-02
1.183992422448496354e-02
9.060433088701639465e-03
8.343763037129746027e-03
8.082114281095934341e-03
8.108984755108660999e-03
9.816432708353783551e-03
1.075847229693383499e-02
1.200480192076830779e-02
2.374169040835707664e-02
3.507541213609259578e-02
4.591368227731863760e-02
4.830917874396135209e-02
5.288207297726070510e-02
5.288207297726070510e-02
5.260389268805891472e-02
5.780346820809248443e-02
6.191950464396285547e-02
6.361323155216284941e-02
6.464124111182933952e-02
6.406149903907751297e-02
6.289308176100628922e-02
6.297229219143576917e-02
6.230529595015576322e-02
6.134969325153374203e-02
6.053268765133171941e-02
6.234413965087282072e-02
6.169031462060456383e-02
6.203473945409428841e-02
6.514657980456026176e-02
6.406149903907751297e-02
7.251631617113851735e-02
7.407407407407406996e-02
7.204610951008645625e-02
7.092198581560284210e-02
6.993006993006992134e-02
6.724949562878278220e-02
6.506180871828237677e-02
6.373486297004461731e-02
6.369426751592356661e-02
6.570302233902759748e-02
6.644518272425248284e-02
6.430868167202571928e-02
6.195786864931845939e-02
5.991611743559016601e-02
6.016847172081828815e-02
6.203473945409428841e-02
6.082725060827250119e-02
5.871990604815031933e-02
5.773672055427251509e-02
5.656108597285067902e-02
5.652911249293385981e-02
5.479452054794520244e-02
5.617977528089887485e-02
5.518763796909492009e-02
5.583472920156336977e-02
5.592841163310962455e-02
5.599104143337066408e-02
5.509641873278237068e-02
5.543237250554323980e-02
5.509641873278237068e-02
5.537098560354374727e-02
5.411255411255411207e-02
5.449591280653950237e-02
5.417118093174431298e-02
5.296610169491525882e-02
5.274261603375526852e-02
5.353319057815845994e-02
5.316321105794790530e-02
5.405405405405405705e-02
5.063291139240506250e-02
4.980079681274900832e-02
4.995004995004995174e-02
4.814636494944631723e-02
4.770992366412213359e-02
4.668534080298785555e-02
4.562043795620437936e-02
4.520795660036166369e-02
4.464285714285714385e-02
4.514672686230248450e-02
4.662004662004662348e-02
4.409171075837742260e-02
4.224757076468102501e-02
4.212299915754001700e-02
4.508566275924256322e-02
4.541326067211625545e-02
4.275331338178708918e-02
4.171881518564873187e-02
4.199916001679966648e-02
4.171881518564873187e-02
4.078303425774877644e-02
4.070004070004069885e-02
4.128819157720892141e-02
4.242681374628765045e-02
4.282655246252676379e-02
4.208754208754208331e-02
4.239084357778719753e-02
4.222972972972972860e-02
4.237288135593220151e-02
4.302925989672978097e-02
4.290004290004290066e-02
4.273504273504273587e-02
4.280821917808218940e-02
4.317789291882555974e-02
4.295532646048109970e-02
4.224757076468102501e-02
4.199916001679966648e-02
4.123711340206185488e-02
4.004805766920304516e-02
4.198152812762384611e-02
4.271678769756514366e-02
4.438526409232134567e-02
4.446420631391730105e-02
4.446420631391730105e-02
4.478280340349306138e-02
4.470272686633884607e-02
4.494382022471909988e-02
4.705882352941176405e-02
4.837929366231252803e-02
5.157297576070139083e-02
5.102040816326530032e-02
4.854368932038834877e-02
4.793863854266539049e-02
4.638218923933210003e-02
4.728132387706856371e-02
4.679457182966775819e-02
4.488330341113105915e-02
4.614674665436086648e-02
4.456327985739750447e-02
4.537205081669691553e-02
4.420866489832006585e-02
4.389815627743634541e-02
4.019292604501607802e-02
3.785011355034064578e-02
4.385964912280701511e-02
4.004805766920304516e-02
3.594536304816678407e-02
3.195909236177692930e-02
3.082614056720098944e-02
2.906131938390003194e-02
2.918004085205718953e-02
2.832861189801700111e-02
2.691065662002153219e-02
2.547121752419765836e-02
2.780867630700778470e-02
3.008423586040914408e-02
3.278688524590164105e-02
3.342245989304812315e-02
3.565062388591800496e-02
3.745318352059925221e-02
3.765060240963855748e-02
3.812428516965307018e-02
3.944773175542406335e-02
4.100041000410004077e-02
4.078303425774877644e-02
4.231908590774439288e-02
4.327131112072695601e-02
4.460303300624442191e-02
4.506534474988733302e-02
4.464285714285714385e-02
4.805382027871216155e-02
4.930966469428007398e-02
4.870920603994154802e-02
4.539264639128461065e-02
4.859086491739553204e-02
4.892367906066535932e-02
4.531037607612142804e-02
4.415011037527594162e-02
4.361098996947231077e-02
4.233700254022015191e-02
4.353504571179799693e-02
4.191114836546521588e-02
