4.440000000000000391e+00
4.500000000000000000e+00
4.610000000000000320e+00
4.740000000000000213e+00
4.860000000000000320e+00
4.820000000000000284e+00
4.730000000000000426e+00
4.790000000000000036e+00
4.839999999999999858e+00
4.589999999999999858e+00
4.639999999999999680e+00
4.740000000000000213e+00
4.860000000000000320e+00
4.879999999999999893e+00
5.040000000000000036e+00
5.179999999999999716e+00
5.179999999999999716e+00
5.129999999999999893e+00
5.099999999999999645e+00
5.040000000000000036e+00
4.950000000000000178e+00
4.969999999999999751e+00
4.950000000000000178e+00
5.070000000000000284e+00
5.110000000000000320e+00
5.150000000000000355e+00
5.110000000000000320e+00
5.040000000000000036e+00
5.049999999999999822e+00
4.980000000000000426e+00
4.969999999999999751e+00
4.969999999999999751e+00
4.589999999999999858e+00
4.190000000000000391e+00
4.040000000000000036e+00
4.419999999999999929e+00
4.660000000000000142e+00
4.799999999999999822e+00
4.730000000000000426e+00
4.599999999999999645e+00
4.480000000000000426e+00
4.459999999999999964e+00
4.459999999999999964e+00
4.469999999999999751e+00
4.540000000000000036e+00
4.530000000000000249e+00
4.570000000000000284e+00
4.540000000000000036e+00
4.540000000000000036e+00
4.530000000000000249e+00
4.589999999999999858e+00
4.650000000000000355e+00
4.469999999999999751e+00
4.379999999999999893e+00
4.389999999999999680e+00
4.410000000000000142e+00
4.370000000000000107e+00
4.299999999999999822e+00
4.370000000000000107e+00
4.370000000000000107e+00
4.459999999999999964e+00
4.519999999999999574e+00
4.509999999999999787e+00
4.339999999999999858e+00
4.179999999999999716e+00
4.150000000000000355e+00
4.099999999999999645e+00
3.930000000000000160e+00
3.689999999999999947e+00
3.669999999999999929e+00
3.600000000000000089e+00
3.580000000000000071e+00
3.549999999999999822e+00
3.339999999999999858e+00
3.169999999999999929e+00
2.939999999999999947e+00
2.939999999999999947e+00
2.729999999999999982e+00
2.850000000000000089e+00
3.049999999999999822e+00
3.240000000000000213e+00
3.310000000000000053e+00
3.259999999999999787e+00
3.250000000000000000e+00
3.250000000000000000e+00
3.180000000000000160e+00
3.240000000000000213e+00
3.330000000000000071e+00
3.339999999999999858e+00
3.410000000000000142e+00
3.479999999999999982e+00
3.450000000000000178e+00
3.520000000000000018e+00
3.479999999999999982e+00
3.470000000000000195e+00
3.450000000000000178e+00
3.580000000000000071e+00
3.709999999999999964e+00
3.649999999999999911e+00
3.770000000000000018e+00
3.939999999999999947e+00
3.959999999999999964e+00
4.040000000000000036e+00
4.070000000000000284e+00
4.219999999999999751e+00
4.679999999999999716e+00
4.929999999999999716e+00
4.919999999999999929e+00
5.110000000000000320e+00
5.200000000000000178e+00
5.299999999999999822e+00
5.179999999999999716e+00
4.769999999999999574e+00
4.790000000000000036e+00
5.009999999999999787e+00
5.190000000000000391e+00
5.179999999999999716e+00
5.330000000000000071e+00
5.610000000000000320e+00
5.839999999999999858e+00
6.190000000000000391e+00
6.169999999999999929e+00
6.240000000000000213e+00
6.219999999999999751e+00
6.500000000000000000e+00
6.580000000000000071e+00
6.349999999999999645e+00
6.200000000000000178e+00
6.250000000000000000e+00
6.150000000000000355e+00
6.190000000000000391e+00
6.009999999999999787e+00
5.919999999999999929e+00
5.790000000000000036e+00
5.780000000000000249e+00
5.780000000000000249e+00
5.709999999999999964e+00
5.679999999999999716e+00
6.000000000000000000e+00
6.179999999999999716e+00
6.240000000000000213e+00
6.070000000000000284e+00
5.809999999999999609e+00
5.839999999999999858e+00
5.809999999999999609e+00
5.679999999999999716e+00
5.750000000000000000e+00
5.870000000000000107e+00
5.769999999999999574e+00
5.820000000000000284e+00
5.730000000000000426e+00
5.469999999999999751e+00
5.530000000000000249e+00
5.379999999999999893e+00
5.459999999999999964e+00
5.339999999999999858e+00
5.179999999999999716e+00
5.320000000000000284e+00
5.299999999999999822e+00
5.059999999999999609e+00
4.650000000000000355e+00
4.459999999999999964e+00
4.459999999999999964e+00
4.740000000000000213e+00
4.589999999999999858e+00
4.440000000000000391e+00
4.349999999999999645e+00
4.339999999999999858e+00
4.240000000000000213e+00
4.370000000000000107e+00
4.379999999999999893e+00
4.370000000000000107e+00
4.320000000000000284e+00
4.299999999999999822e+00
4.459999999999999964e+00
4.709999999999999964e+00
4.650000000000000355e+00
4.919999999999999929e+00
5.240000000000000213e+00
5.200000000000000178e+00
5.200000000000000178e+00
5.299999999999999822e+00
5.190000000000000391e+00
5.120000000000000107e+00
5.019999999999999574e+00
5.250000000000000000e+00
5.330000000000000071e+00
5.370000000000000107e+00
5.509999999999999787e+00
5.650000000000000355e+00
5.790000000000000036e+00
5.639999999999999680e+00
5.580000000000000071e+00
5.540000000000000036e+00
5.669999999999999929e+00
5.799999999999999822e+00
5.900000000000000355e+00
5.730000000000000426e+00
5.589999999999999858e+00
5.450000000000000178e+00
5.379999999999999893e+00
5.200000000000000178e+00
5.299999999999999822e+00
5.269999999999999574e+00
5.309999999999999609e+00
5.280000000000000249e+00
5.080000000000000071e+00
5.099999999999999645e+00
5.169999999999999929e+00
5.009999999999999787e+00
5.139999999999999680e+00
5.250000000000000000e+00
5.379999999999999893e+00
5.349999999999999645e+00
5.240000000000000213e+00
5.139999999999999680e+00
5.240000000000000213e+00
5.299999999999999822e+00
5.190000000000000391e+00
5.179999999999999716e+00
5.320000000000000284e+00
5.410000000000000142e+00
5.299999999999999822e+00
5.370000000000000107e+00
5.500000000000000000e+00
5.400000000000000355e+00
5.349999999999999645e+00
5.320000000000000284e+00
5.379999999999999893e+00
5.320000000000000284e+00
5.280000000000000249e+00
5.389999999999999680e+00
5.620000000000000107e+00
5.580000000000000071e+00
5.540000000000000036e+00
5.410000000000000142e+00
5.320000000000000284e+00
5.080000000000000071e+00
4.709999999999999964e+00
4.599999999999999645e+00
4.839999999999999858e+00
4.900000000000000355e+00
4.809999999999999609e+00
4.969999999999999751e+00
4.950000000000000178e+00
4.849999999999999645e+00
4.769999999999999574e+00
4.929999999999999716e+00
5.330000000000000071e+00
5.330000000000000071e+00
5.250000000000000000e+00
5.410000000000000142e+00
5.509999999999999787e+00
5.519999999999999574e+00
5.580000000000000071e+00
5.570000000000000284e+00
5.570000000000000284e+00
5.540000000000000036e+00
5.540000000000000036e+00
5.620000000000000107e+00
5.480000000000000426e+00
5.589999999999999858e+00
5.570000000000000284e+00
5.509999999999999787e+00
5.610000000000000320e+00
5.509999999999999787e+00
5.309999999999999609e+00
5.309999999999999609e+00
4.839999999999999858e+00
4.610000000000000320e+00
4.179999999999999716e+00
4.080000000000000071e+00
4.370000000000000107e+00
4.500000000000000000e+00
4.570000000000000284e+00
4.410000000000000142e+00
4.320000000000000284e+00
4.379999999999999893e+00
4.509999999999999787e+00
4.570000000000000284e+00
4.400000000000000355e+00
4.339999999999999858e+00
4.250000000000000000e+00
4.410000000000000142e+00
4.480000000000000426e+00
4.339999999999999858e+00
4.339999999999999858e+00
4.299999999999999822e+00
4.250000000000000000e+00
4.190000000000000391e+00
4.190000000000000391e+00
4.370000000000000107e+00
4.610000000000000320e+00
4.700000000000000178e+00
4.719999999999999751e+00
4.790000000000000036e+00
4.820000000000000284e+00
4.750000000000000000e+00
4.589999999999999858e+00
4.320000000000000284e+00
4.269999999999999574e+00
4.450000000000000178e+00
4.379999999999999893e+00
4.419999999999999929e+00
4.400000000000000355e+00
4.320000000000000284e+00
4.040000000000000036e+00
3.810000000000000053e+00
4.009999999999999787e+00
4.099999999999999645e+00
4.379999999999999893e+00
4.219999999999999751e+00
4.219999999999999751e+00
4.179999999999999716e+00
4.190000000000000391e+00
4.059999999999999609e+00
4.080000000000000071e+00
4.269999999999999574e+00
4.459999999999999964e+00
4.750000000000000000e+00
4.980000000000000426e+00
4.820000000000000284e+00
4.650000000000000355e+00
4.750000000000000000e+00
4.879999999999999893e+00
4.870000000000000107e+00
4.650000000000000355e+00
4.570000000000000284e+00
4.870000000000000107e+00
5.059999999999999609e+00
5.080000000000000071e+00
5.269999999999999574e+00
5.259999999999999787e+00
5.150000000000000355e+00
5.320000000000000284e+00
5.650000000000000355e+00
6.080000000000000071e+00
6.309999999999999609e+00
6.400000000000000355e+00
6.480000000000000426e+00
6.209999999999999964e+00
6.070000000000000284e+00
6.280000000000000249e+00
6.440000000000000391e+00
6.370000000000000107e+00
6.339999999999999858e+00
6.459999999999999964e+00
6.019999999999999574e+00
6.099999999999999645e+00
6.209999999999999964e+00
6.259999999999999787e+00
6.339999999999999858e+00
6.040000000000000036e+00
5.860000000000000320e+00
5.860000000000000320e+00
5.940000000000000391e+00
5.799999999999999822e+00
6.009999999999999787e+00
6.480000000000000426e+00
6.870000000000000107e+00
7.070000000000000284e+00
7.250000000000000000e+00
7.509999999999999787e+00
8.140000000000000568e+00
7.730000000000000426e+00
8.500000000000000000e+00
7.929999999999999716e+00
8.039999999999999147e+00
8.000000000000000000e+00
7.910000000000000142e+00
8.080000000000000071e+00
7.950000000000000178e+00
8.119999999999999218e+00
8.189999999999999503e+00
8.199999999999999289e+00
8.480000000000000426e+00
8.460000000000000853e+00
8.410000000000000142e+00
8.599999999999999645e+00
8.830000000000000071e+00
8.849999999999999645e+00
8.570000000000000284e+00
8.240000000000000213e+00
8.050000000000000711e+00
8.460000000000000853e+00
8.410000000000000142e+00
8.080000000000000071e+00
7.750000000000000000e+00
7.599999999999999645e+00
7.179999999999999716e+00
6.849999999999999645e+00
6.629999999999999893e+00
6.469999999999999751e+00
6.259999999999999787e+00
6.280000000000000249e+00
6.570000000000000284e+00
6.679999999999999716e+00
6.500000000000000000e+00
6.480000000000000426e+00
6.639999999999999680e+00
6.500000000000000000e+00
6.509999999999999787e+00
6.780000000000000249e+00
7.009999999999999787e+00
7.320000000000000284e+00
7.750000000000000000e+00
8.169999999999999929e+00
8.250000000000000000e+00
8.429999999999999716e+00
8.800000000000000711e+00
9.050000000000000711e+00
8.939999999999999503e+00
8.500000000000000000e+00
8.599999999999999645e+00
8.869999999999999218e+00
9.199999999999999289e+00
9.230000000000000426e+00
9.359999999999999432e+00
9.310000000000000497e+00
9.539999999999999147e+00
9.869999999999999218e+00
9.800000000000000711e+00
9.560000000000000497e+00
9.429999999999999716e+00
9.179999999999999716e+00
9.300000000000000711e+00
9.060000000000000497e+00
9.730000000000000426e+00
1.002999999999999936e+01
9.730000000000000426e+00
9.929999999999999716e+00
9.839999999999999858e+00
9.560000000000000497e+00
9.259999999999999787e+00
8.349999999999999645e+00
8.390000000000000568e+00
8.099999999999999645e+00
7.839999999999999858e+00
8.140000000000000568e+00
7.530000000000000249e+00
7.450000000000000178e+00
6.639999999999999680e+00
6.250000000000000000e+00
6.570000000000000284e+00
6.849999999999999645e+00
6.599999999999999645e+00
6.870000000000000107e+00
7.240000000000000213e+00
7.629999999999999893e+00
7.639999999999999680e+00
7.919999999999999929e+00
8.259999999999999787e+00
8.169999999999999929e+00
8.269999999999999574e+00
8.830000000000000071e+00
9.029999999999999361e+00
9.060000000000000497e+00
8.800000000000000711e+00
8.919999999999999929e+00
9.320000000000000284e+00
9.630000000000000782e+00
9.800000000000000711e+00
9.939999999999999503e+00
1.017999999999999972e+01
1.018999999999999950e+01
1.023000000000000043e+01
1.017999999999999972e+01
1.030000000000000071e+01
1.008000000000000007e+01
9.720000000000000639e+00
9.960000000000000853e+00
9.720000000000000639e+00
9.560000000000000497e+00
9.099999999999999645e+00
8.640000000000000568e+00
8.849999999999999645e+00
8.910000000000000142e+00
9.320000000000000284e+00
9.310000000000000497e+00
9.050000000000000711e+00
9.269999999999999574e+00
9.429999999999999716e+00
9.320000000000000284e+00
9.279999999999999361e+00
9.480000000000000426e+00
9.669999999999999929e+00
9.630000000000000782e+00
9.169999999999999929e+00
8.669999999999999929e+00
8.720000000000000639e+00
9.070000000000000284e+00
9.109999999999999432e+00
9.119999999999999218e+00
9.039999999999999147e+00
9.300000000000000711e+00
9.589999999999999858e+00
9.580000000000000071e+00
9.580000000000000071e+00
9.589999999999999858e+00
9.810000000000000497e+00
9.859999999999999432e+00
9.839999999999999858e+00
9.730000000000000426e+00
9.380000000000000782e+00
9.300000000000000711e+00
8.970000000000000639e+00
8.800000000000000711e+00
8.789999999999999147e+00
8.550000000000000711e+00
8.119999999999999218e+00
8.230000000000000426e+00
8.449999999999999289e+00
8.529999999999999361e+00
8.259999999999999787e+00
8.050000000000000711e+00
8.039999999999999147e+00
8.369999999999999218e+00
8.480000000000000426e+00
8.320000000000000284e+00
8.119999999999999218e+00
8.169999999999999929e+00
8.130000000000000782e+00
7.679999999999999716e+00
7.679999999999999716e+00
7.679999999999999716e+00
7.679999999999999716e+00
7.679999999999999716e+00
7.349999999999999645e+00
7.480000000000000426e+00
7.379999999999999893e+00
7.570000000000000284e+00
8.140000000000000568e+00
7.950000000000000178e+00
8.039999999999999147e+00
8.009999999999999787e+00
8.349999999999999645e+00
8.660000000000000142e+00
9.140000000000000568e+00
9.460000000000000853e+00
9.480000000000000426e+00
9.330000000000000071e+00
9.199999999999999289e+00
9.169999999999999929e+00
9.070000000000000284e+00
9.269999999999999574e+00
9.359999999999999432e+00
9.230000000000000426e+00
9.300000000000000711e+00
9.679999999999999716e+00
9.980000000000000426e+00
1.021000000000000085e+01
9.800000000000000711e+00
9.570000000000000284e+00
9.029999999999999361e+00
9.310000000000000497e+00
9.169999999999999929e+00
8.859999999999999432e+00
9.039999999999999147e+00
8.789999999999999147e+00
8.529999999999999361e+00
8.119999999999999218e+00
7.679999999999999716e+00
7.040000000000000036e+00
6.799999999999999822e+00
7.209999999999999964e+00
7.429999999999999716e+00
7.280000000000000249e+00
7.209999999999999964e+00
7.440000000000000391e+00
7.450000000000000178e+00
7.509999999999999787e+00
7.580000000000000071e+00
7.540000000000000036e+00
7.860000000000000320e+00
8.060000000000000497e+00
7.900000000000000355e+00
7.849999999999999645e+00
7.879999999999999893e+00
8.119999999999999218e+00
8.390000000000000568e+00
8.970000000000000639e+00
9.210000000000000853e+00
9.509999999999999787e+00
8.869999999999999218e+00
9.009999999999999787e+00
9.470000000000000639e+00
9.189999999999999503e+00
8.919999999999999929e+00
8.830000000000000071e+00
8.099999999999999645e+00
8.669999999999999929e+00
8.599999999999999645e+00
8.060000000000000497e+00
7.919999999999999929e+00
7.910000000000000142e+00
7.599999999999999645e+00
7.870000000000000107e+00
7.879999999999999893e+00
7.480000000000000426e+00
6.809999999999999609e+00
7.110000000000000320e+00
7.059999999999999609e+00
6.879999999999999893e+00
6.910000000000000142e+00
7.120000000000000107e+00
6.549999999999999822e+00
6.530000000000000249e+00
6.450000000000000178e+00
6.610000000000000320e+00
6.700000000000000178e+00
7.059999999999999609e+00
7.309999999999999609e+00
7.299999999999999822e+00
7.459999999999999964e+00
7.740000000000000213e+00
8.210000000000000853e+00
8.529999999999999361e+00
8.449999999999999289e+00
8.509999999999999787e+00
8.830000000000000071e+00
9.060000000000000497e+00
9.259999999999999787e+00
8.800000000000000711e+00
8.779999999999999361e+00
8.900000000000000355e+00
9.279999999999999361e+00
9.429999999999999716e+00
9.099999999999999645e+00
8.669999999999999929e+00
8.339999999999999858e+00
8.060000000000000497e+00
8.099999999999999645e+00
8.150000000000000355e+00
8.029999999999999361e+00
8.269999999999999574e+00
8.550000000000000711e+00
8.830000000000000071e+00
8.869999999999999218e+00
8.699999999999999289e+00
8.500000000000000000e+00
8.470000000000000639e+00
8.630000000000000782e+00
9.029999999999999361e+00
9.339999999999999858e+00
9.250000000000000000e+00
9.130000000000000782e+00
9.640000000000000568e+00
1.016000000000000014e+01
1.058000000000000007e+01
1.066999999999999993e+01
1.039000000000000057e+01
1.027999999999999936e+01
1.060999999999999943e+01
1.080000000000000071e+01
1.109999999999999964e+01
1.125000000000000000e+01
1.150999999999999979e+01
1.189000000000000057e+01
1.225999999999999979e+01
1.246000000000000085e+01
1.265000000000000036e+01
1.266999999999999993e+01
1.181000000000000050e+01
1.148000000000000043e+01
1.156000000000000050e+01
1.210999999999999943e+01
1.261999999999999922e+01
1.311999999999999922e+01
1.332000000000000028e+01
1.301999999999999957e+01
1.318999999999999950e+01
1.349000000000000021e+01
1.340000000000000036e+01
1.366000000000000014e+01
1.386999999999999922e+01
1.421000000000000085e+01
1.469999999999999929e+01
1.489000000000000057e+01
1.522000000000000064e+01
1.603000000000000114e+01
1.694000000000000128e+01
1.667999999999999972e+01
1.705999999999999872e+01
1.746000000000000085e+01
1.753000000000000114e+01
1.732000000000000028e+01
1.825000000000000000e+01
1.939999999999999858e+01
2.000000000000000000e+01
1.901999999999999957e+01
1.916000000000000014e+01
1.978000000000000114e+01
2.117000000000000171e+01
2.160000000000000142e+01
2.305999999999999872e+01
2.314999999999999858e+01
2.485999999999999943e+01
2.498999999999999844e+01
2.542999999999999972e+01
2.528000000000000114e+01
2.566000000000000014e+01
2.614999999999999858e+01
2.848000000000000043e+01
3.010000000000000142e+01
3.130000000000000071e+01
2.798999999999999844e+01
2.057999999999999829e+01
2.139999999999999858e+01
2.171000000000000085e+01
2.307000000000000028e+01
2.394000000000000128e+01
2.546000000000000085e+01
2.394000000000000128e+01
2.151999999999999957e+01
2.105999999999999872e+01
2.078999999999999915e+01
2.078000000000000114e+01
1.792000000000000171e+01
1.662000000000000099e+01
1.550999999999999979e+01
1.598000000000000043e+01
1.719999999999999929e+01
1.753000000000000114e+01
1.585999999999999943e+01
1.433000000000000007e+01
1.386999999999999922e+01
1.433000000000000007e+01
1.390000000000000036e+01
1.183000000000000007e+01
1.025000000000000000e+01
1.039000000000000057e+01
8.439999999999999503e+00
8.300000000000000711e+00
8.230000000000000426e+00
8.259999999999999787e+00
6.280000000000000249e+00
5.509999999999999787e+00
4.769999999999999574e+00
5.009999999999999787e+00
7.530000000000000249e+00
8.259999999999999787e+00
7.120000000000000107e+00
7.049999999999999822e+00
6.820000000000000284e+00
7.089999999999999858e+00
6.250000000000000000e+00
6.230000000000000426e+00
6.889999999999999680e+00
8.869999999999999218e+00
1.039000000000000057e+01
1.123000000000000043e+01
1.066999999999999993e+01
1.058000000000000007e+01
9.550000000000000711e+00
9.779999999999999361e+00
9.970000000000000639e+00
1.053999999999999915e+01
1.132000000000000028e+01
1.074000000000000021e+01
1.091999999999999993e+01
9.810000000000000497e+00
9.939999999999999503e+00
9.470000000000000639e+00
9.099999999999999645e+00
8.880000000000000782e+00
8.949999999999999289e+00
9.199999999999999289e+00
9.259999999999999787e+00
9.259999999999999787e+00
8.980000000000000426e+00
8.410000000000000142e+00
9.039999999999999147e+00
9.750000000000000000e+00
1.011999999999999922e+01
1.065000000000000036e+01
1.136999999999999922e+01
1.160999999999999943e+01
1.191999999999999993e+01
1.303999999999999915e+01
1.303999999999999915e+01
1.375999999999999979e+01
1.455000000000000071e+01
1.485999999999999943e+01
1.488000000000000078e+01
1.408999999999999986e+01
1.468999999999999950e+01
1.556000000000000050e+01
1.586999999999999922e+01
1.605000000000000071e+01
1.689000000000000057e+01
1.735999999999999943e+01
1.705999999999999872e+01
1.758999999999999986e+01
1.810999999999999943e+01
1.808999999999999986e+01
1.701000000000000156e+01
1.625000000000000000e+01
1.564000000000000057e+01
1.657000000000000028e+01
1.673999999999999844e+01
1.436999999999999922e+01
1.227999999999999936e+01
1.119999999999999929e+01
1.101999999999999957e+01
1.131000000000000050e+01
1.103999999999999915e+01
1.031000000000000050e+01
9.890000000000000568e+00
9.980000000000000426e+00
1.021000000000000085e+01
1.224000000000000021e+01
1.231000000000000050e+01
1.175000000000000000e+01
1.306000000000000050e+01
1.307000000000000028e+01
1.268999999999999950e+01
1.250000000000000000e+01
1.240000000000000036e+01
1.239000000000000057e+01
1.083000000000000007e+01
1.123000000000000043e+01
1.142999999999999972e+01
1.171000000000000085e+01
1.153999999999999915e+01
1.276999999999999957e+01
1.290000000000000036e+01
1.266999999999999993e+01
1.236999999999999922e+01
1.230000000000000071e+01
1.222000000000000064e+01
1.215000000000000036e+01
1.226999999999999957e+01
1.058000000000000007e+01
9.669999999999999929e+00
9.990000000000000213e+00
1.019999999999999929e+01
1.063000000000000078e+01
1.073000000000000043e+01
1.098000000000000043e+01
1.052999999999999936e+01
1.055000000000000071e+01
9.890000000000000568e+00
9.949999999999999289e+00
9.640000000000000568e+00
9.429999999999999716e+00
9.759999999999999787e+00
1.025999999999999979e+01
1.021000000000000085e+01
1.024000000000000021e+01
9.830000000000000071e+00
9.369999999999999218e+00
8.759999999999999787e+00
8.929999999999999716e+00
8.650000000000000355e+00
8.179999999999999716e+00
7.839999999999999858e+00
7.929999999999999716e+00
8.330000000000000071e+00
8.640000000000000568e+00
8.589999999999999858e+00
8.679999999999999716e+00
9.320000000000000284e+00
9.470000000000000639e+00
9.519999999999999574e+00
1.008999999999999986e+01
1.068999999999999950e+01
1.107000000000000028e+01
1.143999999999999950e+01
1.189000000000000057e+01
1.209999999999999964e+01
1.234999999999999964e+01
1.174000000000000021e+01
1.199000000000000021e+01
1.188000000000000078e+01
1.133000000000000007e+01
1.148000000000000043e+01
1.184999999999999964e+01
1.176999999999999957e+01
1.209999999999999964e+01
1.189000000000000057e+01
1.209999999999999964e+01
1.266999999999999993e+01
1.300000000000000000e+01
1.281000000000000050e+01
1.259999999999999964e+01
1.291000000000000014e+01
1.282000000000000028e+01
1.309999999999999964e+01
1.349000000000000021e+01
1.393999999999999950e+01
1.392999999999999972e+01
1.427999999999999936e+01
1.482000000000000028e+01
1.508999999999999986e+01
1.477999999999999936e+01
1.483000000000000007e+01
1.583999999999999986e+01
1.650000000000000000e+01
1.703999999999999915e+01
1.732999999999999829e+01
1.801999999999999957e+01
1.807000000000000028e+01
1.753000000000000114e+01
1.866000000000000014e+01
1.869999999999999929e+01
1.857999999999999829e+01
1.805000000000000071e+01
1.769999999999999929e+01
1.508999999999999986e+01
1.475000000000000000e+01
1.468999999999999950e+01
1.513000000000000078e+01
1.521000000000000085e+01
1.580000000000000071e+01
1.516000000000000014e+01
1.459999999999999964e+01
1.433999999999999986e+01
1.483999999999999986e+01
1.576999999999999957e+01
1.546000000000000085e+01
1.506000000000000050e+01
1.544999999999999929e+01
1.526999999999999957e+01
1.502999999999999936e+01
1.483000000000000007e+01
1.409999999999999964e+01
1.430000000000000071e+01
1.540000000000000036e+01
1.614999999999999858e+01
1.682000000000000028e+01
1.642000000000000171e+01
1.593999999999999950e+01
1.575999999999999979e+01
1.619000000000000128e+01
1.528999999999999915e+01
1.518999999999999950e+01
1.535999999999999943e+01
1.476999999999999957e+01
1.491000000000000014e+01
1.489000000000000057e+01
1.477999999999999936e+01
1.397000000000000064e+01
1.475999999999999979e+01
1.528999999999999915e+01
1.549000000000000021e+01
1.589000000000000057e+01
1.610999999999999943e+01
1.653999999999999915e+01
1.687999999999999901e+01
1.721000000000000085e+01
1.735000000000000142e+01
1.783999999999999986e+01
1.844000000000000128e+01
1.873999999999999844e+01
1.737999999999999901e+01
1.842999999999999972e+01
1.907999999999999829e+01
1.987000000000000099e+01
1.982999999999999829e+01
1.975000000000000000e+01
2.121000000000000085e+01
2.200000000000000000e+01
2.162999999999999901e+01
2.192000000000000171e+01
2.192999999999999972e+01
2.155000000000000071e+01
2.192999999999999972e+01
2.289000000000000057e+01
2.348000000000000043e+01
2.335999999999999943e+01
2.271000000000000085e+01
2.341000000000000014e+01
2.419000000000000128e+01
2.375000000000000000e+01
2.380999999999999872e+01
2.373999999999999844e+01
2.373000000000000043e+01
2.437999999999999901e+01
2.507999999999999829e+01
2.517999999999999972e+01
2.478000000000000114e+01
2.426000000000000156e+01
2.503000000000000114e+01
2.603999999999999915e+01
2.617999999999999972e+01
2.585999999999999943e+01
2.598999999999999844e+01
2.471000000000000085e+01
2.483999999999999986e+01
2.394999999999999929e+01
2.428999999999999915e+01
2.439000000000000057e+01
2.326999999999999957e+01
2.396999999999999886e+01
2.450000000000000000e+01
2.482999999999999829e+01
2.546000000000000085e+01
2.601999999999999957e+01
2.657000000000000028e+01
2.762999999999999901e+01
2.873000000000000043e+01
2.896000000000000085e+01
3.012999999999999901e+01
3.073000000000000043e+01
3.144999999999999929e+01
3.217999999999999972e+01
3.343999999999999773e+01
3.496999999999999886e+01
3.560000000000000142e+01
3.678999999999999915e+01
3.650000000000000000e+01
3.775999999999999801e+01
3.760000000000000142e+01
3.978000000000000114e+01
4.268999999999999773e+01
4.242999999999999972e+01
4.434000000000000341e+01
4.210999999999999943e+01
4.495000000000000284e+01
4.536999999999999744e+01
4.414999999999999858e+01
4.442999999999999972e+01
4.749000000000000199e+01
4.804999999999999716e+01
4.653999999999999915e+01
4.627000000000000313e+01
4.878000000000000114e+01
4.849000000000000199e+01
4.684000000000000341e+01
4.624000000000000199e+01
4.575999999999999801e+01
4.643999999999999773e+01
4.542999999999999972e+01
4.346999999999999886e+01
4.403000000000000114e+01
4.504999999999999716e+01
4.678000000000000114e+01
4.754999999999999716e+01
4.850999999999999801e+01
4.584000000000000341e+01
4.397999999999999687e+01
4.124000000000000199e+01
4.035000000000000142e+01
4.032999999999999829e+01
4.111999999999999744e+01
4.125999999999999801e+01
4.210999999999999943e+01
4.234000000000000341e+01
4.370000000000000284e+01
4.475000000000000000e+01
4.597999999999999687e+01
4.770000000000000284e+01
4.896000000000000085e+01
5.095000000000000284e+01
5.250000000000000000e+01
5.349000000000000199e+01
5.561999999999999744e+01
5.477000000000000313e+01
5.615999999999999659e+01
5.710000000000000142e+01
5.796000000000000085e+01
5.746000000000000085e+01
5.974000000000000199e+01
5.939999999999999858e+01
5.704999999999999716e+01
5.700000000000000000e+01
5.722999999999999687e+01
5.906000000000000227e+01
5.803000000000000114e+01
5.578000000000000114e+01
5.502000000000000313e+01
5.572999999999999687e+01
5.521999999999999886e+01
5.725999999999999801e+01
5.584000000000000341e+01
5.650999999999999801e+01
5.481000000000000227e+01
5.372999999999999687e+01
5.546999999999999886e+01
5.679999999999999716e+01
5.971999999999999886e+01
6.217000000000000171e+01
6.412000000000000455e+01
6.582999999999999829e+01
6.650000000000000000e+01
6.562000000000000455e+01
6.543999999999999773e+01
6.779000000000000625e+01
6.726000000000000512e+01
6.800000000000000000e+01
7.107999999999999829e+01
7.173999999999999488e+01
6.906999999999999318e+01
7.021999999999999886e+01
7.029000000000000625e+01
6.804999999999999716e+01
6.299000000000000199e+01
5.563000000000000256e+01
5.696999999999999886e+01
5.852000000000000313e+01
5.800000000000000000e+01
5.617000000000000171e+01
6.003999999999999915e+01
6.264000000000000057e+01
6.506000000000000227e+01
6.592000000000000171e+01
6.567000000000000171e+01
6.876000000000000512e+01
7.014000000000000057e+01
7.010999999999999943e+01
6.906999999999999318e+01
7.098000000000000398e+01
7.284999999999999432e+01
7.303000000000000114e+01
7.262000000000000455e+01
7.417000000000000171e+01
7.645000000000000284e+01
7.739000000000000057e+01
7.879999999999999716e+01
7.993999999999999773e+01
8.071999999999999886e+01
8.023999999999999488e+01
8.321999999999999886e+01
8.200000000000000000e+01
8.340999999999999659e+01
8.484999999999999432e+01
8.543999999999999773e+01
8.395999999999999375e+01
8.612000000000000455e+01
8.675000000000000000e+01
8.682999999999999829e+01
8.796999999999999886e+01
8.928000000000000114e+01
8.504000000000000625e+01
8.490999999999999659e+01
8.648999999999999488e+01
8.937999999999999545e+01
9.139000000000000057e+01
9.215000000000000568e+01
9.173000000000000398e+01
9.331999999999999318e+01
9.268999999999999773e+01
8.887999999999999545e+01
9.159999999999999432e+01
8.678000000000000114e+01
8.606000000000000227e+01
8.584000000000000341e+01
8.065000000000000568e+01
7.781000000000000227e+01
7.712999999999999545e+01
8.098999999999999488e+01
8.132999999999999829e+01
8.445000000000000284e+01
8.735999999999999943e+01
8.942000000000000171e+01
9.095999999999999375e+01
9.259000000000000341e+01
9.143000000000000682e+01
9.301000000000000512e+01
9.448999999999999488e+01
9.581000000000000227e+01
9.565999999999999659e+01
9.265999999999999659e+01
9.529999999999999716e+01
9.504000000000000625e+01
9.075000000000000000e+01
8.909000000000000341e+01
9.567000000000000171e+01
9.787000000000000455e+01
1.005000000000000000e+02
1.002999999999999972e+02
9.810999999999999943e+01
1.012999999999999972e+02
1.037999999999999972e+02
1.054000000000000057e+02
1.065000000000000000e+02
1.020000000000000000e+02
1.015000000000000000e+02
9.929999999999999716e+01
1.012999999999999972e+02
1.045999999999999943e+02
9.914000000000000057e+01
9.470999999999999375e+01
9.418000000000000682e+01
9.451000000000000512e+01
9.551999999999999602e+01
9.620999999999999375e+01
9.110999999999999943e+01
9.031000000000000227e+01
8.715999999999999659e+01
8.865000000000000568e+01
8.595000000000000284e+01
7.606000000000000227e+01
7.559000000000000341e+01
7.571999999999999886e+01
7.792000000000000171e+01
8.257999999999999829e+01
8.437000000000000455e+01
8.428000000000000114e+01
9.004999999999999716e+01
9.348999999999999488e+01
9.710999999999999943e+01
9.959999999999999432e+01
1.030000000000000000e+02
1.015999999999999943e+02
9.971999999999999886e+01
9.900000000000000000e+01
9.723999999999999488e+01
9.940000000000000568e+01
9.729000000000000625e+01
9.278000000000000114e+01
9.917000000000000171e+01
1.032999999999999972e+02
1.052000000000000028e+02
1.077000000000000028e+02
1.087999999999999972e+02
1.077000000000000028e+02
1.080000000000000000e+02
1.072000000000000028e+02
1.110000000000000000e+02
1.094000000000000057e+02
1.095999999999999943e+02
1.150999999999999943e+02
1.175000000000000000e+02
1.184000000000000057e+02
1.142000000000000028e+02
1.124000000000000057e+02
1.102999999999999972e+02
1.072000000000000028e+02
1.047999999999999972e+02
1.057999999999999972e+02
1.037999999999999972e+02
1.055999999999999943e+02
1.097999999999999972e+02
1.020000000000000000e+02
9.478000000000000114e+01
9.610999999999999943e+01
9.345000000000000284e+01
9.743999999999999773e+01
9.245999999999999375e+01
8.967000000000000171e+01
8.979000000000000625e+01
7.931000000000000227e+01
7.603000000000000114e+01
6.812000000000000455e+01
6.943999999999999773e+01
7.173999999999999488e+01
6.706999999999999318e+01
7.256000000000000227e+01
8.009999999999999432e+01
8.378000000000000114e+01
8.471999999999999886e+01
9.009999999999999432e+01
9.240000000000000568e+01
9.248999999999999488e+01
8.570999999999999375e+01
8.467000000000000171e+01
8.856999999999999318e+01
9.006999999999999318e+01
8.870000000000000284e+01
9.685999999999999943e+01
1.005999999999999943e+02
1.010999999999999943e+02
1.019000000000000057e+02
1.012000000000000028e+02
1.017999999999999972e+02
1.042000000000000028e+02
1.032999999999999972e+02
1.055000000000000000e+02
1.019000000000000057e+02
1.012000000000000028e+02
1.047000000000000028e+02
1.037999999999999972e+02
1.010000000000000000e+02
1.005999999999999943e+02
9.904999999999999716e+01
9.876000000000000512e+01
9.929000000000000625e+01
1.002000000000000028e+02
9.775000000000000000e+01
9.623000000000000398e+01
9.373999999999999488e+01
9.428000000000000114e+01
9.381999999999999318e+01
9.025000000000000000e+01
8.898000000000000398e+01
8.881999999999999318e+01
9.270999999999999375e+01
9.740999999999999659e+01
9.765999999999999659e+01
9.718999999999999773e+01
1.039000000000000057e+02
1.039000000000000057e+02
1.005999999999999943e+02
9.470999999999999375e+01
9.610999999999999943e+01
9.970999999999999375e+01
9.823000000000000398e+01
1.000999999999999943e+02
1.020999999999999943e+02
9.973000000000000398e+01
1.017000000000000028e+02
1.027000000000000028e+02
1.074000000000000057e+02
1.085999999999999943e+02
1.045000000000000000e+02
1.037000000000000028e+02
1.077999999999999972e+02
1.109000000000000057e+02
1.152999999999999972e+02
1.047000000000000028e+02
1.030000000000000000e+02
1.077000000000000028e+02
1.145999999999999943e+02
1.197999999999999972e+02
1.235000000000000000e+02
1.265000000000000000e+02
1.301999999999999886e+02
1.356999999999999886e+02
1.335000000000000000e+02
1.330000000000000000e+02
1.284000000000000057e+02
1.331999999999999886e+02
1.344000000000000057e+02
1.316999999999999886e+02
1.323000000000000114e+02
1.290999999999999943e+02
1.295999999999999943e+02
1.182999999999999972e+02
1.197999999999999972e+02
1.229000000000000057e+02
1.237999999999999972e+02
1.172999999999999972e+02
1.145000000000000000e+02
1.107999999999999972e+02
1.162999999999999972e+02
1.164000000000000057e+02
1.097000000000000028e+02
1.094000000000000057e+02
1.097000000000000028e+02
1.224000000000000057e+02
1.326999999999999886e+02
1.380999999999999943e+02
1.394000000000000057e+02
1.443000000000000114e+02
1.468000000000000114e+02
1.519000000000000057e+02
1.576999999999999886e+02
1.640999999999999943e+02
1.664000000000000057e+02
1.670000000000000000e+02
1.624000000000000057e+02
1.671999999999999886e+02
1.676999999999999886e+02
1.651999999999999886e+02
1.644000000000000057e+02
1.664000000000000057e+02
1.573000000000000114e+02
1.574000000000000057e+02
1.575999999999999943e+02
1.565999999999999943e+02
1.530999999999999943e+02
1.510999999999999943e+02
1.644000000000000057e+02
1.660999999999999943e+02
1.648000000000000114e+02
1.663000000000000114e+02
1.645000000000000000e+02
1.715999999999999943e+02
1.809000000000000057e+02
1.794000000000000057e+02
1.805999999999999943e+02
1.849000000000000057e+02
1.889000000000000057e+02
1.925000000000000000e+02
1.883000000000000114e+02
1.840999999999999943e+02
1.861999999999999886e+02
1.975000000000000000e+02
2.073000000000000114e+02
2.081999999999999886e+02
2.194000000000000057e+02
2.323000000000000114e+02
2.380000000000000000e+02
2.385000000000000000e+02
2.453000000000000114e+02
2.401999999999999886e+02
2.450000000000000000e+02
2.383000000000000114e+02
2.374000000000000057e+02
2.450999999999999943e+02
2.485999999999999943e+02
2.645000000000000000e+02
2.808999999999999773e+02
2.925000000000000000e+02
2.893000000000000114e+02
2.891000000000000227e+02
3.013999999999999773e+02
3.101000000000000227e+02
3.293999999999999773e+02
3.186999999999999886e+02
2.801999999999999886e+02
2.450000000000000000e+02
2.410000000000000000e+02
2.505000000000000000e+02
2.581000000000000227e+02
2.656999999999999886e+02
2.626000000000000227e+02
2.561000000000000227e+02
2.706999999999999886e+02
2.691000000000000227e+02
2.636999999999999886e+02
2.680000000000000000e+02
2.773999999999999773e+02
2.710000000000000000e+02
2.765000000000000000e+02
2.853999999999999773e+02
2.940000000000000000e+02
2.926999999999999886e+02
3.023000000000000114e+02
3.138999999999999773e+02
3.236999999999999886e+02
3.318999999999999773e+02
3.466000000000000227e+02
3.473000000000000114e+02
3.473999999999999773e+02
3.401999999999999886e+02
3.486000000000000227e+02
3.399700000000000273e+02
3.304499999999999886e+02
3.384599999999999795e+02
3.381800000000000068e+02
3.502500000000000000e+02
3.603899999999999864e+02
3.600299999999999727e+02
3.307500000000000000e+02
3.154100000000000250e+02
3.071200000000000045e+02
3.152900000000000205e+02
3.287500000000000000e+02
3.254900000000000091e+02
3.622599999999999909e+02
3.722799999999999727e+02
3.796800000000000068e+02
3.779900000000000091e+02
3.782900000000000205e+02
3.802300000000000182e+02
3.893999999999999773e+02
3.871999999999999886e+02
3.868799999999999955e+02
3.859200000000000159e+02
3.885099999999999909e+02
4.160799999999999841e+02
4.125600000000000023e+02
4.073600000000000136e+02
4.074100000000000250e+02
4.148100000000000023e+02
4.082699999999999818e+02
4.150500000000000114e+02
4.179300000000000068e+02
4.184800000000000182e+02
4.125000000000000000e+02
4.228399999999999750e+02
4.356399999999999864e+02
4.352300000000000182e+02
4.416999999999999886e+02
4.501600000000000250e+02
4.430799999999999841e+02
4.452500000000000000e+02
4.480600000000000023e+02
4.472900000000000205e+02
4.541299999999999955e+02
4.592400000000000091e+02
4.638999999999999773e+02
4.628899999999999864e+02
4.659499999999999886e+02
4.729900000000000091e+02
4.715799999999999841e+02
4.638100000000000023e+02
4.472300000000000182e+02
4.508999999999999773e+02
4.548299999999999841e+02
4.513999999999999773e+02
4.642400000000000091e+02
4.669599999999999795e+02
4.638100000000000023e+02
4.610099999999999909e+02
4.551899999999999977e+02
4.652500000000000000e+02
4.819200000000000159e+02
4.931499999999999773e+02
5.079100000000000250e+02
5.238099999999999454e+02
5.393500000000000227e+02
5.573700000000000045e+02
5.591100000000000136e+02
5.787699999999999818e+02
5.829199999999999591e+02
5.955299999999999727e+02
6.145700000000000500e+02
6.144199999999999591e+02
6.495399999999999636e+02
6.470700000000000500e+02
6.471699999999999591e+02
6.612300000000000182e+02
6.685000000000000000e+02
6.440700000000000500e+02
6.626799999999999500e+02
6.748799999999999955e+02
7.014600000000000364e+02
7.356699999999999591e+02
7.432500000000000000e+02
7.662200000000000273e+02
7.983899999999999864e+02
7.921599999999999682e+02
7.639299999999999500e+02
8.330900000000000318e+02
8.762899999999999636e+02
9.252899999999999636e+02
9.272400000000000091e+02
9.370199999999999818e+02
9.511599999999999682e+02
9.389199999999999591e+02
9.623700000000000045e+02
9.633600000000000136e+02
1.023740000000000009e+03
1.076829999999999927e+03
1.112200000000000045e+03
1.108420000000000073e+03
1.108390000000000100e+03
1.156579999999999927e+03
1.074619999999999891e+03
1.020639999999999986e+03
1.032470000000000027e+03
1.144430000000000064e+03
1.190049999999999955e+03
1.248769999999999982e+03
1.246579999999999927e+03
1.281660000000000082e+03
1.334759999999999991e+03
1.332069999999999936e+03
1.322549999999999955e+03
1.380990000000000009e+03
1.327490000000000009e+03
1.318170000000000073e+03
1.300009999999999991e+03
1.391000000000000000e+03
1.428680000000000064e+03
1.425589999999999918e+03
1.388869999999999891e+03
1.442210000000000036e+03
1.461359999999999900e+03
1.418480000000000018e+03
1.461960000000000036e+03
1.473000000000000000e+03
1.485460000000000036e+03
1.468049999999999955e+03
1.390140000000000100e+03
1.378039999999999964e+03
1.330930000000000064e+03
1.335630000000000109e+03
1.305750000000000000e+03
1.185849999999999909e+03
1.189839999999999918e+03
1.270369999999999891e+03
1.238710000000000036e+03
1.204450000000000045e+03
1.178500000000000000e+03
1.044640000000000100e+03
1.076589999999999918e+03
1.129680000000000064e+03
1.144930000000000064e+03
1.140210000000000036e+03
1.100670000000000073e+03
1.153789999999999964e+03
1.111930000000000064e+03
1.079250000000000000e+03
1.014019999999999982e+03
9.035900000000000318e+02
9.125499999999999545e+02
8.678099999999999454e+02
8.546299999999999955e+02
9.099299999999999500e+02
8.991799999999999500e+02
8.958400000000000318e+02
8.370299999999999727e+02
8.466299999999999955e+02
8.900299999999999727e+02
9.359600000000000364e+02
9.880000000000000000e+02
9.925399999999999636e+02
9.895299999999999727e+02
1.019440000000000055e+03
1.038730000000000018e+03
1.049900000000000091e+03
1.080640000000000100e+03
1.132519999999999982e+03
1.143359999999999900e+03
1.123980000000000018e+03
1.133359999999999900e+03
1.102779999999999973e+03
1.132759999999999991e+03
1.105849999999999909e+03
1.088940000000000055e+03
1.117660000000000082e+03
1.117210000000000036e+03
1.168940000000000055e+03
1.199210000000000036e+03
1.181410000000000082e+03
1.199630000000000109e+03
1.194900000000000091e+03
1.164430000000000064e+03
1.178279999999999973e+03
1.202250000000000000e+03
1.222240000000000009e+03
1.224269999999999982e+03
1.225920000000000073e+03
1.191960000000000036e+03
1.237369999999999891e+03
1.262069999999999936e+03
1.278730000000000018e+03
1.276650000000000091e+03
1.293740000000000009e+03
1.302170000000000073e+03
1.290009999999999991e+03
1.253170000000000073e+03
1.260240000000000009e+03
1.287150000000000091e+03
1.317740000000000009e+03
1.363380000000000109e+03
1.388640000000000100e+03
1.416420000000000073e+03
1.424160000000000082e+03
1.444799999999999955e+03
1.406950000000000045e+03
1.463640000000000100e+03
1.511140000000000100e+03
1.514190000000000055e+03
1.520710000000000036e+03
1.454619999999999891e+03
1.497119999999999891e+03
1.539660000000000082e+03
1.463390000000000100e+03
1.479220000000000027e+03
1.378759999999999991e+03
1.354869999999999891e+03
1.316940000000000055e+03
1.370470000000000027e+03
1.403220000000000027e+03
1.341250000000000000e+03
1.257329999999999927e+03
1.281470000000000027e+03
1.216950000000000045e+03
9.687999999999999545e+02
8.830399999999999636e+02
8.775599999999999454e+02
8.655800000000000409e+02
8.052300000000000182e+02
7.571299999999999955e+02
8.481499999999999773e+02
9.024099999999999682e+02
9.261200000000000045e+02
9.358200000000000500e+02
1.009730000000000018e+03
1.044549999999999955e+03
1.067660000000000082e+03
1.088069999999999936e+03
1.110380000000000109e+03
1.123579999999999927e+03
1.089160000000000082e+03
1.152049999999999955e+03
1.197319999999999936e+03
1.125059999999999945e+03
1.083359999999999900e+03
1.079799999999999955e+03
1.087279999999999973e+03
1.122079999999999927e+03
1.171579999999999927e+03
1.198890000000000100e+03
1.241529999999999973e+03
1.282619999999999891e+03
1.321119999999999891e+03
1.304490000000000009e+03
1.331509999999999991e+03
1.338309999999999945e+03
1.287289999999999964e+03
1.325190000000000055e+03
1.185309999999999945e+03
1.173880000000000109e+03
1.207220000000000027e+03
1.226420000000000073e+03
1.243319999999999936e+03
1.300579999999999927e+03
1.352490000000000009e+03
1.389240000000000009e+03
1.386430000000000064e+03
1.341269999999999982e+03
1.323480000000000018e+03
1.359779999999999973e+03
1.403450000000000045e+03
1.443420000000000073e+03
1.437819999999999936e+03
1.394509999999999991e+03
1.422289999999999964e+03
1.480400000000000091e+03
1.512309999999999945e+03
1.550829999999999927e+03
1.570700000000000045e+03
1.639839999999999918e+03
1.618769999999999982e+03
1.668680000000000064e+03
1.670089999999999918e+03
1.687170000000000073e+03
1.720029999999999973e+03
1.783539999999999964e+03
1.807779999999999973e+03
1.822359999999999900e+03
1.817039999999999964e+03
1.863519999999999982e+03
1.864259999999999991e+03
1.889769999999999982e+03
1.947089999999999918e+03
1.973099999999999909e+03
1.961529999999999973e+03
1.993230000000000018e+03
1.937269999999999982e+03
2.044569999999999936e+03
2.054269999999999982e+03
2.028180000000000064e+03
2.082199999999999818e+03
2.079989999999999782e+03
2.094860000000000127e+03
2.111940000000000055e+03
2.099289999999999964e+03
2.094139999999999873e+03
2.039869999999999891e+03
1.944410000000000082e+03
2.024809999999999945e+03
2.080619999999999891e+03
2.054079999999999927e+03
1.918599999999999909e+03
1.904420000000000073e+03
2.021950000000000045e+03
2.075539999999999964e+03
2.065550000000000182e+03
2.083889999999999873e+03
2.148900000000000091e+03
2.170949999999999818e+03
2.157690000000000055e+03
2.143019999999999982e+03
2.164989999999999782e+03
2.246630000000000109e+03
2.275119999999999891e+03
2.329909999999999854e+03
2.366820000000000164e+03
2.359309999999999945e+03
2.395349999999999909e+03
2.433989999999999782e+03
2.454099999999999909e+03
2.456219999999999800e+03
2.492840000000000146e+03
2.557000000000000000e+03
2.593610000000000127e+03
2.664340000000000146e+03
2.789800000000000182e+03
2.705159999999999854e+03
2.702769999999999982e+03
2.653630000000000109e+03
2.701489999999999782e+03
2.754349999999999909e+03
2.793639999999999873e+03
2.857820000000000164e+03
2.901500000000000000e+03
2.785460000000000036e+03
2.723230000000000018e+03
2.567309999999999945e+03
2.607389999999999873e+03
2.754860000000000127e+03
2.803980000000000018e+03
2.903800000000000182e+03
2.854710000000000036e+03
2.752079999999999927e+03
2.890170000000000073e+03
2.996110000000000127e+03
2.897500000000000000e+03
2.982159999999999854e+03
2.977679999999999836e+03
3.104900000000000091e+03
3.176750000000000000e+03
3.230579999999999927e+03
3.278199999999999818e+03
3.225039999999999964e+03
3.277309999999999945e+03
2.954809999999999945e+03
2.652389999999999873e+03
2.584590000000000146e+03
2.761980000000000018e+03
2.912429999999999836e+03
2.919610000000000127e+03
3.104659999999999854e+03
3.100289999999999964e+03
3.207619999999999891e+03
3.271119999999999891e+03
3.391710000000000036e+03
3.500309999999999945e+03
3.365519999999999982e+03
3.363000000000000000e+03
3.418699999999999818e+03
3.548989999999999782e+03
3.621630000000000109e+03
3.695309999999999945e+03
3.756070000000000164e+03
3.793750000000000000e+03
3.883429999999999836e+03
3.910510000000000218e+03
3.972889999999999873e+03
4.141180000000000291e+03
4.181170000000000073e+03
4.167850000000000364e+03
4.238489999999999782e+03
4.297500000000000000e+03
4.363710000000000036e+03
4.454210000000000036e+03
4.522680000000000291e+03
4.445539999999999964e+03
4.307539999999999964e+03
4.460710000000000036e+03
4.667390000000000327e+03
4.567000000000000000e+03
4.674770000000000437e+03
4.766180000000000291e+03
4.573819999999999709e+03
4.515550000000000182e+03
4.435979999999999563e+03
4.373939999999999600e+03
4.391270000000000437e+03
4.530409999999999854e+03
4.391300000000000182e+03
4.040360000000000127e+03
4.132149999999999636e+03
3.898949999999999818e+03
3.785380000000000109e+03
3.911730000000000018e+03
4.158560000000000400e+03
3.955000000000000000e+03
3.850519999999999982e+03
3.585619999999999891e+03
3.726050000000000182e+03
3.871980000000000018e+03
3.917489999999999782e+03
4.080110000000000127e+03
3.912380000000000109e+03
3.960659999999999854e+03
4.076599999999999909e+03
4.079679999999999836e+03
3.970150000000000091e+03
3.968559999999999945e+03
4.109310000000000400e+03
4.121470000000000255e+03
4.146170000000000073e+03
4.179829999999999927e+03
4.221020000000000437e+03
