4.500000000000000000e+00
4.532552083333333037e+00
4.564426570557899687e+00
4.595732651288749082e+00
4.627515034769307256e+00
4.660139929261475800e+00
4.692556038953054731e+00
4.724873918009205198e+00
4.759171783267692746e+00
4.793361235733696546e+00
4.827069823889348577e+00
4.860396735128573731e+00
4.894009437307886401e+00
4.926979050870994747e+00
4.959487490108728913e+00
4.992392794581318682e+00
5.026052400801527043e+00
5.060327171674424029e+00
5.095468332588829696e+00
5.131698909470149061e+00
5.168280738023542931e+00
5.205473316737011302e+00
5.242266314452144194e+00
5.279225326821377351e+00
5.316382036610378670e+00
5.354312844519984793e+00
5.393281642515035834e+00
5.432671663275444374e+00
5.473129450460992196e+00
5.514182026597063135e+00
5.555804777401691652e+00
5.601463922515117488e+00
5.652146730355464221e+00
5.705488998478863927e+00
5.754964275954399966e+00
5.802306858020494396e+00
5.848665973217205938e+00
5.896077338110341515e+00
5.945211315927927842e+00
5.996077258055990455e+00
6.047589949276402699e+00
6.099545189390460642e+00
6.151838958160955606e+00
6.203779509986023122e+00
6.256264954232944042e+00
6.308768016957289504e+00
6.362033535506405713e+00
6.414786715734486222e+00
6.467092543488354828e+00
6.518175422978784717e+00
6.568008568414402504e+00
6.619209134117664206e+00
6.670857145463775950e+00
6.721717599454808401e+00
6.771685764779330263e+00
6.821404456150691686e+00
6.871224821737536459e+00
6.919464254633756362e+00
6.966961949956612443e+00
7.012966717190874277e+00
7.057783733532840387e+00
7.102138834925077582e+00
7.147595432690854622e+00
7.194165640096971792e+00
7.240388755235090734e+00
7.286482393860219453e+00
7.333883398243904672e+00
7.383570955142576331e+00
7.432755413943152867e+00
7.482070404746915315e+00
7.530819886143493846e+00
7.580626895972484292e+00
7.634207804199601100e+00
7.691418594099179273e+00
7.753950452587790032e+00
7.817299720991284673e+00
7.886528375977037264e+00
7.953796615280832150e+00
8.017528959954557166e+00
8.078378451150326711e+00
8.138700870887111805e+00
8.200752570116200957e+00
8.263854698233437546e+00
8.327619009176595810e+00
8.393460399192223420e+00
8.458768992401001441e+00
8.522967299872169278e+00
8.587652844042420242e+00
8.651663375080303808e+00
8.715017676303796534e+00
8.779573362794934610e+00
8.843471276643514400e+00
8.908746382021751842e+00
8.974913541721853960e+00
9.042111157338220906e+00
9.108558182303962525e+00
9.174390490646720409e+00
9.242958431533466523e+00
9.311061573528261803e+00
9.377836254921895431e+00
9.445909979188169103e+00
9.514239767810767745e+00
9.583727350105618825e+00
9.652339372944290119e+00
9.715625101851609102e+00
9.777100836487470303e+00
9.840016543285974748e+00
9.902469047368775534e+00
9.965654786568423518e+00
1.002948808650801027e+01
1.009672788327998738e+01
1.017185234669724991e+01
1.024884184372039009e+01
1.032455728287317065e+01
1.039969962117646851e+01
1.047707833859593762e+01
1.055434292811360741e+01
1.062970955856286182e+01
1.070402240502932401e+01
1.077403825016949312e+01
1.084412697154712291e+01
1.091326830648430146e+01
1.098247980005662860e+01
1.104855970258404518e+01
1.111362778092670744e+01
1.118083646368509321e+01
1.124944738945635692e+01
1.131732964500460881e+01
1.138606949950536595e+01
1.145413543386395716e+01
1.152401180913155265e+01
1.159525322733834862e+01
1.166840016922163414e+01
1.174200854778094438e+01
1.181591343541803418e+01
1.189107827915478843e+01
1.196695294913408070e+01
1.203911257859099138e+01
1.210946737393105010e+01
1.217939961794774462e+01
1.225158667115985622e+01
1.232726981096192986e+01
1.240291579654711640e+01
1.247896997729611712e+01
1.255680786388104941e+01
1.263369255567556948e+01
1.270900068965074681e+01
1.278563479897087873e+01
1.286163120172272656e+01
1.293879481584393254e+01
1.301962186991592141e+01
1.309957533263955121e+01
1.318177648307027106e+01
1.326272573683513301e+01
1.334551428700264353e+01
1.342976627113776011e+01
1.351074653085277433e+01
1.359093852118309798e+01
1.367372932601486646e+01
1.376254284463018962e+01
1.385385483271823404e+01
1.394383830136410651e+01
1.402719458006666464e+01
1.411189986134726126e+01
1.419799002643600794e+01
1.428435249618318714e+01
1.436937840389856369e+01
1.445602443865434417e+01
1.453962393228523808e+01
1.462261265335992455e+01
1.470533845474801993e+01
1.478853226813763300e+01
1.487163258432181756e+01
1.495127928839380615e+01
1.502620051152666747e+01
1.510158783097040924e+01
1.517236767644739892e+01
1.523832302193708621e+01
1.530425553760832713e+01
1.537169893412519883e+01
1.543936797327876853e+01
1.551002222905983530e+01
1.558321032942346207e+01
1.565950885238381751e+01
1.573407794215707334e+01
1.580908784844119452e+01
1.588515158905147651e+01
1.596083841766330913e+01
1.603615381223514191e+01
1.611114517873456009e+01
1.618970547315008091e+01
1.627010726830875242e+01
1.635208080351788595e+01
1.643319231544009895e+01
1.651346386836819491e+01
1.659333165647212383e+01
1.667658136375926148e+01
1.676295271948621135e+01
1.685267094213385874e+01
1.694470169214551092e+01
1.704108793612813599e+01
1.713684590385193829e+01
1.723439170248497732e+01
1.732950423947440655e+01
1.742340055633328433e+01
1.751917562535446748e+01
1.761270101306189062e+01
1.770307817343269363e+01
1.779436879932704585e+01
1.788139133844738637e+01
1.796463803927814595e+01
1.804393110971987468e+01
1.812167986493238914e+01
1.819900398109953699e+01
1.827571534503942630e+01
1.835224681633356170e+01
1.842921480331700934e+01
1.850911948075074775e+01
1.859051402552097798e+01
1.867107614211623456e+01
1.875161045949941396e+01
1.883512912358056468e+01
1.891893019638524720e+01
1.900203918512354306e+01
1.908805239888926408e+01
1.917627597255763661e+01
1.926640699329723816e+01
1.935570253924318251e+01
1.944616665655129140e+01
1.953746321362430294e+01
1.962706816323732895e+01
1.971315179553222663e+01
1.979997857405377459e+01
1.988760460775024086e+01
1.997743118682770458e+01
2.006895322818205685e+01
2.016495855361346656e+01
2.026868776428020169e+01
2.037518570335271306e+01
2.047840346274153234e+01
2.058227039042839124e+01
2.069014392496942278e+01
2.079657470647646633e+01
2.090536616235884892e+01
2.101849043812918794e+01
2.113572878283093459e+01
2.125122456852946584e+01
2.136007124220560627e+01
2.147083701301148650e+01
2.158531151190790354e+01
2.169837096881083482e+01
2.181075117892483206e+01
2.192434884131506223e+01
2.203811154804666828e+01
2.215354267913846797e+01
2.227038625866979160e+01
2.238927578599559709e+01
2.250964823645793800e+01
2.262981505386375858e+01
2.275453846134757896e+01
2.287831206046283228e+01
2.300407235103266146e+01
2.313281687952511945e+01
2.325678695926534090e+01
2.338046695798510655e+01
2.350616839324309026e+01
2.362913432959610560e+01
2.376102277751749270e+01
2.389636694918254989e+01
2.404204097350090308e+01
2.418775031273424148e+01
2.432035859295756453e+01
2.444569542347167257e+01
2.456566840847104416e+01
2.468637236094977538e+01
2.480625567661095587e+01
2.492109945289156059e+01
2.502932031207555852e+01
2.513278145754544823e+01
2.523667026978728600e+01
2.533841462662403643e+01
2.543862984030313612e+01
2.553156652684523564e+01
2.561941254434745829e+01
2.570634051850715807e+01
2.578940352910075973e+01
2.586935579698611676e+01
2.595432937403573348e+01
2.604467443590581155e+01
2.613920359689559803e+01
2.623391085630463948e+01
2.632757663342654908e+01
2.642325760679995383e+01
2.652239935078464583e+01
2.662392438275059803e+01
2.672862756185532973e+01
2.683883961678628793e+01
2.695698911325039049e+01
2.708699002525487742e+01
2.721739147925668334e+01
2.734140000613501797e+01
2.746624658150549436e+01
2.758884186173003172e+01
2.771074377875782346e+01
2.783370590060179595e+01
2.796386726377333432e+01
2.810046294208406437e+01
2.822891632909304249e+01
2.835325087952069012e+01
2.846833957443674734e+01
2.858636751628764472e+01
2.870960586564222439e+01
2.883934920379136813e+01
2.897413771194144871e+01
2.911880586508675250e+01
2.926850155635287720e+01
2.941704246965145941e+01
2.956454067698023636e+01
2.970803000272756833e+01
2.984973974324811152e+01
3.000113830149140526e+01
3.016337677381182303e+01
3.032745084242481326e+01
3.048966442202700122e+01
3.065486633155250118e+01
3.083067997190322984e+01
3.101237893449106409e+01
3.118570991445133345e+01
3.135523432146617751e+01
3.152668682759843222e+01
3.169456055937478212e+01
3.186529187029578480e+01
3.204232126957520421e+01
3.221638863848858847e+01
3.238272686979016157e+01
3.254287883254876590e+01
3.270259064464411836e+01
3.286548460083381684e+01
3.303167333769078340e+01
3.321088163487878120e+01
3.340005275378330651e+01
3.358875361679903193e+01
3.377852058638546850e+01
3.397633342654935262e+01
3.418105946551386154e+01
3.438791651868206856e+01
3.461643802664779201e+01
3.484340129721327628e+01
3.506779208351681376e+01
3.529189607178059163e+01
3.551452978406788219e+01
3.574978766552037257e+01
3.599378021033009389e+01
3.623943800592339670e+01
3.648337606466009220e+01
3.673505498342844078e+01
3.697956413534156894e+01
3.720783304975725514e+01
3.742451039106727251e+01
3.763695652180675921e+01
3.784605072470568388e+01
3.804978700121680646e+01
3.823942908156577403e+01
3.844073161410718598e+01
3.862536529140837160e+01
3.882491770560246636e+01
3.902340910491536619e+01
3.922464368157024950e+01
3.942983641897122027e+01
3.963241469897004521e+01
3.984013175714074606e+01
4.004893747913833835e+01
4.026151145726540648e+01
4.047937677900385012e+01
4.069547424205640596e+01
4.091756261927784522e+01
4.114671563573885749e+01
4.137622654401495481e+01
4.160533078844471788e+01
4.183943685860251804e+01
4.208689035315303784e+01
4.235039455020508825e+01
4.262654474941091109e+01
4.288754490095028871e+01
4.314822776565336682e+01
4.341736591289421909e+01
4.369589661544036829e+01
4.397773289391972895e+01
4.427375963660900737e+01
4.458172958399777031e+01
4.489737479487286009e+01
4.521825368848973881e+01
4.554735306031280828e+01
4.587259836922677891e+01
4.618088196041782112e+01
4.648438407635116221e+01
4.679627607901052500e+01
4.710925277830834546e+01
4.741476025417286166e+01
4.772686373135935867e+01
4.803855954987659516e+01
4.833775336869745587e+01
4.862692394400672669e+01
4.890371654387015354e+01
4.916495434592074076e+01
4.941236253002863066e+01
4.965688134698245904e+01
4.990481864150503810e+01
5.015060675538163792e+01
5.039760540961420787e+01
5.065605466812505142e+01
5.093672872989435518e+01
5.122295444763932437e+01
5.150924415503726550e+01
5.179388851928923998e+01
5.208611312163233009e+01
5.238300159131787836e+01
5.269019723752546014e+01
5.299854342922446904e+01
5.330166939255794034e+01
5.361206811951203122e+01
5.393557806471786620e+01
5.426925523661044792e+01
5.461767110227949473e+01
5.496751526767969409e+01
5.533279646961801745e+01
5.567871292666739436e+01
5.601988151077687661e+01
5.637733353675172054e+01
5.673325104645343231e+01
5.709832988201620196e+01
5.747240174969188331e+01
5.785678110863845802e+01
5.828119998414197056e+01
5.870169926252683723e+01
5.913537020861524240e+01
5.958174226634935877e+01
6.000977202400991217e+01
6.047025216538506243e+01
6.093341279777924768e+01
6.145102588644540020e+01
6.199871773926577845e+01
6.251796998163818841e+01
6.301461734405984316e+01
6.352893841281645138e+01
6.402232873910425326e+01
6.448909987310180725e+01
6.493068505437476290e+01
6.536988070544602181e+01
6.579183965655269617e+01
6.619467972302680892e+01
6.659968877664297793e+01
6.699782177985102294e+01
6.736879532237512080e+01
6.772936476854496846e+01
6.809995660903821602e+01
6.849323425173304258e+01
6.889321810043504968e+01
6.928752452271318418e+01
6.968031094290996919e+01
7.007721405832869266e+01
7.047967910575763995e+01
7.088362041195752283e+01
7.129814450793388403e+01
7.172223530324636442e+01
7.215977944248042775e+01
7.260356652392249543e+01
7.305813430831970834e+01
7.353118620101797376e+01
7.399399578184008419e+01
7.446978021973771433e+01
7.495498858708027967e+01
7.546655689575541714e+01
7.600683866047302217e+01
7.653642923084979088e+01
7.706441232432970878e+01
7.757088191110895536e+01
7.807947673087757323e+01
7.860420439707971241e+01
7.911159017294518492e+01
7.960579051135688644e+01
8.010048222470112478e+01
8.059201684807312915e+01
8.106799143375747008e+01
8.152912904145802031e+01
8.198664379477709474e+01
8.246110353895983280e+01
8.295654395916507440e+01
8.344269341977903309e+01
8.390411065833123416e+01
8.435696099651306668e+01
8.481883660424693971e+01
8.529449181176289585e+01
8.576646221798114311e+01
8.623359981176098188e+01
8.671045006508857966e+01
8.719704069396114221e+01
8.769270372655527979e+01
8.818680280096678814e+01
8.868809203926241480e+01
8.920026628296338345e+01
8.972782877576538851e+01
9.028583766118681808e+01
9.084731675111957827e+01
9.142833054461611653e+01
9.201941103688801604e+01
9.260973315028861919e+01
9.321502552381991791e+01
9.385121870921317111e+01
9.447789618456850746e+01
9.508680245025919930e+01
9.568846533592268599e+01
9.630804876855621899e+01
9.694198800478946509e+01
9.757509921171730127e+01
9.817830828201722682e+01
9.876860595086053252e+01
9.936460284894681649e+01
9.996945190451624796e+01
1.005653594623638725e+02
1.011580360268521162e+02
1.017792472527600722e+02
1.023938562337550024e+02
1.030020402218385982e+02
1.036035471140474158e+02
1.041985594452790167e+02
1.048130826786198924e+02
1.054553197048369242e+02
1.061461957511212262e+02
1.068589690236912162e+02
1.075590408857436984e+02
1.083141591171796989e+02
1.090997274310553848e+02
1.099285008086841771e+02
1.107620502536999680e+02
1.116042191272834430e+02
1.124383313778610471e+02
1.132801877074347345e+02
1.141566979806275128e+02
1.151089560552073152e+02
1.161392904273448607e+02
1.172390943139674562e+02
1.184204636641686648e+02
1.196463483811890427e+02
1.209295567507856646e+02
1.223043811795121911e+02
1.237439336886872496e+02
1.252004300833281150e+02
1.266866650083438657e+02
1.282122751360936661e+02
1.298791013859128611e+02
1.315862399425100193e+02
1.333927506501227356e+02
1.351460728195512502e+02
1.369224407588197892e+02
1.387598326101190480e+02
1.405581715501154179e+02
1.424027669772822833e+02
1.442984374642003331e+02
1.462860192474537939e+02
1.483842122946060158e+02
1.506698594340792852e+02
1.530344209443441628e+02
1.552561750230948121e+02
1.574017827486765668e+02
1.595770423223177659e+02
1.617606362238273050e+02
1.638603329557045925e+02
1.659418920633736150e+02
1.679875268274684572e+02
1.699959860195711485e+02
1.719940582576949168e+02
1.738874318624691853e+02
1.757101512740254918e+02
1.775450526031193021e+02
1.794014416934907103e+02
1.812609093727350285e+02
1.830742438002333756e+02
1.848379648387712848e+02
1.864942190039932370e+02
1.881147805177575378e+02
1.896886993641243464e+02
1.913811395797214345e+02
1.930546367778651984e+02
1.946522421798667324e+02
1.963023968270341300e+02
1.980081875537202336e+02
1.997252200507174393e+02
2.015911133621030729e+02
2.033301671350680522e+02
2.050769898767782422e+02
2.069345713068215105e+02
2.088171638405444241e+02
2.106963679787782553e+02
2.126450950226071370e+02
2.145202722273920131e+02
2.163843691358678143e+02
2.183380019377445649e+02
2.204760552273817211e+02
2.224327117345469844e+02
2.243107319281855325e+02
2.261379617418722887e+02
2.278558131680487691e+02
2.294224785501172903e+02
2.310130392721785597e+02
2.324938920880258593e+02
2.338758101341981330e+02
2.351069946474335381e+02
2.362033712313145202e+02
2.371305315831409928e+02
2.379143823420433534e+02
2.387924247923756695e+02
2.397440923549150398e+02
2.407505746905779915e+02
2.417847266437161977e+02
2.428633522979083921e+02
2.440372857486910334e+02
2.452879893451890609e+02
2.465768081206471720e+02
2.479145729216489826e+02
2.493048520430130850e+02
2.508552553517383217e+02
2.524986991105940604e+02
2.541874277028264828e+02
2.558725737363906774e+02
2.575963178332405050e+02
2.594516644036326056e+02
2.614742062215592568e+02
2.636553390729235957e+02
2.659976928315672353e+02
2.684149746639151886e+02
2.709058337458000665e+02
2.735247996559489820e+02
2.761599133327886193e+02
2.787990562354337385e+02
2.813662666980068252e+02
2.839344144407779709e+02
2.865663611819791186e+02
2.892739042770469382e+02
2.920039335737347983e+02
2.946957102475339525e+02
2.972807603374246241e+02
2.997907296074130272e+02
3.023373718908603109e+02
3.049267635651568753e+02
3.073890274828341376e+02
3.097347923445773858e+02
3.120685385195666868e+02
3.144653782931424644e+02
3.170120690794490770e+02
3.196778281534437838e+02
3.223471486958072205e+02
3.250577705314598234e+02
3.277829362803822164e+02
3.305588757814016958e+02
3.333583242551601415e+02
3.361558932737499390e+02
3.389516009689741054e+02
3.417846969316034347e+02
3.445963512334428742e+02
3.474255495194317405e+02
3.504860282854590992e+02
3.536572735649149308e+02
3.568330752312664913e+02
3.598891995480810806e+02
3.628468688408825642e+02
3.657102437528213272e+02
3.685531405481635261e+02
3.714837475817844279e+02
3.743959751420053976e+02
3.772635913731788264e+02
3.801478695946863127e+02
3.829713089113432147e+02
3.857512980875289372e+02
3.884594650215890965e+02
3.910721867395174627e+02
3.936443531874227801e+02
3.961522810237341332e+02
3.985272946989363732e+02
4.007682264055206360e+02
4.030355279805688156e+02
4.052422490054295849e+02
4.073891140669119864e+02
4.095836255626397815e+02
4.118590901490989040e+02
4.140719586755823798e+02
4.162059102251370177e+02
4.183246534048618059e+02
4.206060923959441311e+02
4.229257818532347528e+02
4.252247913218868121e+02
4.274202931358163937e+02
4.296216749504837367e+02
4.317289030991520349e+02
4.338729679735022273e+02
4.359076376788740959e+02
4.379692515536322617e+02
4.400335862611814264e+02
4.421471001241073395e+02
4.442670996452241070e+02
4.463838668438386321e+02
4.483614668209954175e+02
4.502648522294730924e+02
4.521251433062763567e+02
4.542406455676757560e+02
4.571659459641703052e+02
4.600325495882245264e+02
4.627826246096748832e+02
4.652950167085330690e+02
4.676435681758687224e+02
4.697824428931018588e+02
4.719780983562403094e+02
4.743361024447507361e+02
4.766571833923175063e+02
4.789179364913135259e+02
4.810881283369330390e+02
4.834974238514408853e+02
4.859768978199098228e+02
4.885096104414436127e+02
4.909042653945879238e+02
4.930687462825711691e+02
4.951314502077827342e+02
4.973426481812008433e+02
4.997136562293568431e+02
5.020851143549707558e+02
5.043035887025978354e+02
5.065107997876057198e+02
5.090083875577615231e+02
5.117807643963113833e+02
5.144085152917534742e+02
5.175058690687992566e+02
5.205884629993972794e+02
5.236285731547312707e+02
5.265869266753794591e+02
5.303829685343426945e+02
5.346084542619903459e+02
5.393732354942719667e+02
5.437972285675516559e+02
5.466653574102075481e+02
5.492018522014576547e+02
5.520515919907968510e+02
5.548363558729134866e+02
5.576166543088371554e+02
5.603198570153954279e+02
5.634203431653256757e+02
5.665672396307263625e+02
5.694461382060857204e+02
5.717069216672819039e+02
5.736554796825079166e+02
5.754752217193132537e+02
5.774081628106719108e+02
5.793753478842977529e+02
5.815749505717856209e+02
5.837433881205245143e+02
5.858901349141422088e+02
5.879476223945262063e+02
5.898880435905476816e+02
5.919595706434713520e+02
5.940227226393011506e+02
5.963478468080786570e+02
5.986722459615245953e+02
6.011444636934436403e+02
6.037495272386570377e+02
6.064544982388302969e+02
6.091745130317923440e+02
6.118547951201053365e+02
6.145525675853615439e+02
6.177041192140044359e+02
6.214288184374366892e+02
6.259241079226611646e+02
6.302889901257481142e+02
6.345077919338187940e+02
6.387412306310020540e+02
6.427075820382983693e+02
6.463659812985346207e+02
6.498911011790894463e+02
6.533450292253218095e+02
6.565178391963073636e+02
6.597060571411224146e+02
6.627824703902416559e+02
6.657439648960069007e+02
6.686933888057002378e+02
6.717636063851571180e+02
6.751399815680339316e+02
6.785109621031249389e+02
6.817812096551932655e+02
6.850748386873440268e+02
6.884192774624237927e+02
6.917030938975622121e+02
6.950006868318564557e+02
6.984625352420569016e+02
7.019374732283358753e+02
7.054255346138870664e+02
7.090320046272505579e+02
7.129579847193173237e+02
7.171627381087919275e+02
7.216327127915942583e+02
7.259404534362432742e+02
7.302894856279293663e+02
7.354556534662706326e+02
7.413944103579556213e+02
7.477901523382691948e+02
7.541815211616732313e+02
7.601670887899404079e+02
7.660380116258219232e+02
7.720433268627757570e+02
7.779188468541211705e+02
7.833527588885870045e+02
7.882757903044278009e+02
7.921398873157239677e+02
7.957333362692520495e+02
7.992326033592663634e+02
8.024285110822320348e+02
8.056682902774929289e+02
8.090540201912493785e+02
8.126326384688114786e+02
8.163823276459470435e+02
8.202810016079621391e+02
8.248687029592371118e+02
8.294179457507616462e+02
8.340135682338664083e+02
8.386223965287043711e+02
8.434255030380325024e+02
8.478824122698969177e+02
8.524824687600765856e+02
8.573616037690055691e+02
8.625615164556201080e+02
8.679946325834584968e+02
8.736767131842927938e+02
8.796104045262127329e+02
8.856236011663974068e+02
8.927611221300209081e+02
9.007607737620102171e+02
9.086788537001432360e+02
9.165996944750747843e+02
9.243622257629733667e+02
9.320422043751616457e+02
9.395393263537263238e+02
9.473454025115339618e+02
9.552241899575714115e+02
9.637286788282762018e+02
9.722814715051334815e+02
9.812740859289692708e+02
9.906409634197002561e+02
9.998648085167178579e+02
1.008990993333409278e+03
1.018513369638934023e+03
1.028371222616469367e+03
1.038659049973576884e+03
1.049464907755241256e+03
1.061048405633334596e+03
1.072142596407418068e+03
1.083296805691723193e+03
1.094767546963342511e+03
1.106631087784358442e+03
1.118260250119208649e+03
1.129223585904690935e+03
1.139749532827740040e+03
1.150291056438799387e+03
1.160676493929218395e+03
1.170741326516186973e+03
1.181043520519321419e+03
1.191695067421551812e+03
1.201964759488266282e+03
1.211862361262708419e+03
1.221619707166594935e+03
1.231232704547509456e+03
1.240637170668403996e+03
1.250035937112861575e+03
1.259254491221363651e+03
1.268970961061034586e+03
1.278497770078009353e+03
1.287762246672777565e+03
1.297110114317034004e+03
1.305962899700033176e+03
1.314566080857477573e+03
1.323253406266263482e+03
1.331729279993308410e+03
1.340379119432080415e+03
1.348905704161292078e+03
1.357069016338496795e+03
1.365016246464629830e+03
1.373066589979991022e+03
1.381239605396538536e+03
1.389351184004693096e+03
1.397662689053775921e+03
1.405928969447990312e+03
1.414093481465690502e+03
1.422126277883923422e+03
1.430293784648705696e+03
1.438418607329055249e+03
1.446399181049256413e+03
1.454386806303559979e+03
1.462559355226371508e+03
1.470722780964406638e+03
1.478382795448596198e+03
1.485698624800578727e+03
1.492745193880452462e+03
1.499636907610278968e+03
1.506155934334371750e+03
1.512546616336808938e+03
1.519017127186983316e+03
1.524988106460517201e+03
1.530833660379792491e+03
1.536600815519861271e+03
1.542678179922328582e+03
1.549020385891422166e+03
1.556631531655432809e+03
1.564957545410543162e+03
1.573865546010557637e+03
1.583056538453973417e+03
1.592857532377041480e+03
1.602936357562924968e+03
1.614123797244408479e+03
1.626352007829593276e+03
1.639421374655610407e+03
1.652672436526412412e+03
1.665567820706550037e+03
1.679148771625553081e+03
1.693544765895319642e+03
1.707887116555002194e+03
1.722712525552875604e+03
1.738082908543176018e+03
1.754140585081823247e+03
1.771522081168642671e+03
1.789180794098952219e+03
1.806220611185608959e+03
1.823094869511334082e+03
1.839900685048864716e+03
1.857917730535046303e+03
1.877343888319812777e+03
1.897901749558531492e+03
1.918849892489641206e+03
1.942024408099419588e+03
1.966433965767838572e+03
1.991187666243264403e+03
2.017568000984166019e+03
2.044425934969578293e+03
2.071728631750689146e+03
2.099664562599538840e+03
2.129728488180860950e+03
2.158539750196294790e+03
2.186689720856131316e+03
2.214810730640804195e+03
2.242317073544937557e+03
2.269516455805307942e+03
2.296041893577693372e+03
2.322542838794425734e+03
2.349019615342469478e+03
2.375761641928791050e+03
2.402697714966532658e+03
2.429645872379795946e+03
2.457080898039007479e+03
2.487733104850871314e+03
2.517648125351723593e+03
2.547577370779109515e+03
2.577063219977942026e+03
2.607395884996515178e+03
2.638659624624770458e+03
2.668056456449912730e+03
2.696708265475362623e+03
2.726122622646778382e+03
2.755062353248124055e+03
2.783905133328192733e+03
2.813197064444861553e+03
2.841510239409081350e+03
2.868206126663958003e+03
2.893769461126204078e+03
2.919450766248020045e+03
2.945837703759299984e+03
2.971435876367566834e+03
2.996272351429147875e+03
3.021647286654665550e+03
3.047030748404116366e+03
3.072499076291144775e+03
3.097950526558632646e+03
3.122726202554782503e+03
3.147069250594654477e+03
3.171579135723896343e+03
3.196750398705832140e+03
3.222816530463054733e+03
3.248418822570324210e+03
3.273368275892676593e+03
3.298486203117144214e+03
3.324199379006738127e+03
3.350088782270030151e+03
3.377839683382273506e+03
3.405988347410459028e+03
3.435740167356392703e+03
3.465471390680695094e+03
3.495522304578376861e+03
3.527427400458062493e+03
3.558533462190496721e+03
3.589073570860171003e+03
3.619315174928760371e+03
3.649207107328238180e+03
3.678846541273399453e+03
3.708267898769187468e+03
3.737040927158147497e+03
3.765198257832937543e+03
3.793593418148419460e+03
3.821107150510969404e+03
3.848323013406346945e+03
3.875136858260070312e+03
3.902002754393321084e+03
3.928482143334643297e+03
3.954422992141659961e+03
3.980659875051304425e+03
4.006779690504397422e+03
4.033859845211780339e+03
4.060990998327275520e+03
4.089192324704548355e+03
4.116784715559504548e+03
4.143255810695561195e+03
4.170658296216033705e+03
4.197621434929610587e+03
4.226698890145249607e+03
4.254586847984687665e+03
4.282882849899989196e+03
4.312330614269488251e+03
4.341980852266390684e+03
4.370095206399169911e+03
4.397831276508329211e+03
4.426418323287504791e+03
4.455124019288072304e+03
4.482164101949447286e+03
4.509171598345865277e+03
4.536923762294325570e+03
4.565075436173045091e+03
4.593571537522439939e+03
4.621677090248348577e+03
4.650548136539255211e+03
4.680896271076838275e+03
4.711017868702815576e+03
4.740714148762717741e+03
4.769529576362783700e+03
4.798123878379346934e+03
4.826441417793766959e+03
4.856750645486518806e+03
4.888694546075091239e+03
4.922643813756168129e+03
4.957232373436861053e+03
4.991743877011330369e+03
5.025048813473908922e+03
5.057687478149629897e+03
5.089117303392915346e+03
5.119870973343319747e+03
5.149154152097285078e+03
5.177254753232939947e+03
5.204595557802188523e+03
5.230929273435674077e+03
5.256571083599574195e+03
5.281361552773312724e+03
5.305556905314880169e+03
5.329442898945867455e+03
5.353104073244152460e+03
5.377832011498237080e+03
5.402646666405483302e+03
5.427925754307436364e+03
5.453699380871100402e+03
5.480591389652515318e+03
5.506659651589599889e+03
5.533078091675905853e+03
5.560804480189014612e+03
5.588586277152388902e+03
5.616274477098645548e+03
5.643141461776691358e+03
5.670610024187987619e+03
5.699336518738078667e+03
5.728599901972510452e+03
5.757271573153553618e+03
5.785966108506192541e+03
5.813424186090220246e+03
5.841738155436070883e+03
5.869877549248382820e+03
5.899063495694526864e+03
5.928983679787113942e+03
5.958115871609967144e+03
5.986700192621337010e+03
6.013522326100824102e+03
6.038908691881390951e+03
6.063161337230312711e+03
6.086727729243801150e+03
6.109995037077302186e+03
6.133502250978031043e+03
6.157220357130305274e+03
6.180260397383000054e+03
6.203617390570389034e+03
6.227158743752577720e+03
6.250110088083081791e+03
6.273268936786516861e+03
6.297869991440581543e+03
6.322614097960465187e+03
6.347872223951039814e+03
6.374321691550835567e+03
6.403301150050338947e+03
6.436589261664242258e+03
6.469455832649047807e+03
6.501796643650092847e+03
6.534773903964812234e+03
6.569459540397747332e+03
6.602498463855792579e+03
6.634730930482700387e+03
6.666038645330202598e+03
6.697194182090953291e+03
6.728725228145995061e+03
6.759332602728173697e+03
6.789829501314747176e+03
6.820816309918775914e+03
6.852748970545736483e+03
6.884281958630339432e+03
6.915460771848774129e+03
6.946866134118749869e+03
6.978744190901599723e+03
7.010265167373603617e+03
7.041388703012803489e+03
7.072683763915082636e+03
7.103951154560153554e+03
7.135273690515005001e+03
7.166801057475568996e+03
7.199031679248709224e+03
7.230589770074803710e+03
7.263089724093478253e+03
7.295525816108900472e+03
7.327744177776930883e+03
7.360070559362324275e+03
7.393313877155288537e+03
7.426173049942645775e+03
7.459248825151726123e+03
7.492758478454294163e+03
7.526346242836821148e+03
7.559976029444671440e+03
7.595832489459112367e+03
7.632252860045318812e+03
7.668534723802903500e+03
7.704136092065684352e+03
7.739606331900241457e+03
7.775437842696074767e+03
7.812107517487133009e+03
7.848660519159821888e+03
7.885992428021883825e+03
7.925485579203884299e+03
7.964267559920285748e+03
8.005722210971296590e+03
8.048053652442168641e+03
8.090853342148837328e+03
8.136782346134696127e+03
8.184803960547672432e+03
8.233662627933941621e+03
8.280562050512740825e+03
8.327664223723848409e+03
8.372992245842962802e+03
8.416793209673485762e+03
8.459535405538168561e+03
8.501472424205321659e+03
8.542566161754652057e+03
8.584075229596024656e+03
8.624998547814922858e+03
8.665400452198540734e+03
8.705340535403733156e+03
8.745598307025096801e+03
8.787435267927436144e+03
8.828390875999431955e+03
8.869932335043284183e+03
8.913930015276633640e+03
8.959279679579016374e+03
9.002065160379299414e+03
9.044423833258930244e+03
9.086203322510866201e+03
9.128480464342761479e+03
9.172123993049697674e+03
9.214824756518271897e+03
9.256947744068638713e+03
9.298849553520334666e+03
9.340758916930828491e+03
9.384860705962606517e+03
9.429550518848142019e+03
9.475611238459552624e+03
9.521018614530375999e+03
9.565269491154887874e+03
9.612213295096560614e+03
9.661750572436782022e+03
9.711946699683441693e+03
9.762372175798102035e+03
9.812220889931058991e+03
9.861657714245504394e+03
9.913802689468882818e+03
9.966223388969036023e+03
1.002032883624899841e+04
1.007334644913920602e+04
1.012796229412477987e+04
1.018961290463199111e+04
1.025163879277803426e+04
1.031332133665756555e+04
1.037304638493563652e+04
1.042914116313667364e+04
1.048356164509835617e+04
1.053752274065682104e+04
1.058755846117276087e+04
1.063625032311707946e+04
1.068362360978694051e+04
1.073028513848097828e+04
1.077588383446296393e+04
1.082260549520898894e+04
1.087073163134919196e+04
1.091975188581956172e+04
1.097022217554880626e+04
1.102015036677194985e+04
1.107226988231665200e+04
1.112805520014372087e+04
1.118135048366931187e+04
1.123308725251842043e+04
1.128446434386729561e+04
1.133518559676134100e+04
1.138607992864335210e+04
1.143821399425069285e+04
1.149090523247738747e+04
1.154473184495854366e+04
1.159744751548346721e+04
1.165168174441857627e+04
1.170691345537998495e+04
1.176054600740206843e+04
1.181410040634287907e+04
1.186852320165494348e+04
1.192632820458527021e+04
1.198645286784694144e+04
1.204931448347441619e+04
1.211567995209897163e+04
1.218531029665126516e+04
1.225617160333102402e+04
1.233034354476972658e+04
1.240518175516527117e+04
1.247907490357583265e+04
1.256070150550921608e+04
1.265078112043684996e+04
1.274104068893311887e+04
1.283525128261052851e+04
1.292698406764919855e+04
1.302590497419686653e+04
1.313017894933452953e+04
1.323672048576210545e+04
1.335996741765933075e+04
1.349156678150546213e+04
1.364187389805521161e+04
1.378989770337265145e+04
1.393354247111611767e+04
1.408753829860413680e+04
1.422897944618048132e+04
1.435620565725148117e+04
1.447692719826436041e+04
1.459497128826977678e+04
1.470464194718373619e+04
1.481018775501594610e+04
1.491549341311475109e+04
1.502900553954637144e+04
1.514380087669536624e+04
1.525528350976880211e+04
1.536670100545802961e+04
1.548165238940071322e+04
1.559080109490974064e+04
1.569961461455595781e+04
1.581172268806749707e+04
1.592620084248443527e+04
1.604491134369555948e+04
1.616635330058093496e+04
1.628728652395452082e+04
1.641146528671721171e+04
1.653523199325353926e+04
1.666596595904459900e+04
1.680028225465263313e+04
1.693273481105954488e+04
1.706828344067097350e+04
1.720939028128498830e+04
1.735308926492965475e+04
1.750186403571951814e+04
1.765410711188270216e+04
1.780848020660011025e+04
1.796420318846964437e+04
1.812674574355894583e+04
1.829477267851963188e+04
1.847000996471234976e+04
1.864672265094189788e+04
1.882698872452022260e+04
1.901647130025009756e+04
1.921067545977062400e+04
1.940758685234720178e+04
1.959989349971488991e+04
1.978655915209312661e+04
1.997608558075302426e+04
2.017032989795210233e+04
2.035565082681972490e+04
2.054454884859793310e+04
2.074572931127515403e+04
2.096624088983887850e+04
2.119052673590048653e+04
2.141462283082329304e+04
2.165036284437264476e+04
2.188996402680262327e+04
2.213157510877616369e+04
2.238596102956669711e+04
2.264256305879144202e+04
2.290354234715925486e+04
2.315973409600890955e+04
2.341983892637738245e+04
2.369433305350323280e+04
2.397600605699233347e+04
2.425159233350948853e+04
2.452506540898884850e+04
2.479362722906099953e+04
2.509525286445103848e+04
2.540324565856555637e+04
2.569932078279125926e+04
2.597853982649824684e+04
2.624680231954345800e+04
2.650780870696931015e+04
2.676347815823251585e+04
2.701520387454395677e+04
2.726017307906466885e+04
2.751230194587066580e+04
2.776648064086208251e+04
2.803062143843496960e+04
2.828618873820188310e+04
2.854436862810879757e+04
2.881284463100673383e+04
2.908538383485659142e+04
2.936886710810081058e+04
2.965544855919468682e+04
2.997432435015376905e+04
3.029333589070457310e+04
3.060810455124805594e+04
3.092456551641811529e+04
3.125794806834155315e+04
3.159889427327547310e+04
3.195093186544654964e+04
3.228500685358379997e+04
3.261756769879995409e+04
3.296874736825301079e+04
3.331962803415608505e+04
3.366801393999209540e+04
3.397871912585396058e+04
3.426159224544981407e+04
3.452917731453330634e+04
3.479005051878333325e+04
3.504259153590574715e+04
3.529112055389089073e+04
3.553158880514389602e+04
3.576584242332127178e+04
3.599353431549928064e+04
3.622042245414968056e+04
3.645224799469082791e+04
3.669663152911487850e+04
3.693991336105013761e+04
3.718856652045408555e+04
3.744725159641717619e+04
3.771351476192071277e+04
3.798632664532581111e+04
3.828524328559434798e+04
3.859469400726904860e+04
3.891250275238819449e+04
3.924137786016699829e+04
3.958742175664113165e+04
3.994368005178729072e+04
4.027654405221885099e+04
4.061117801742505981e+04
4.095164731669925095e+04
4.129257012153357937e+04
4.164050212457987072e+04
4.197544824849058205e+04
4.229402329591385933e+04
4.261589561932264041e+04
4.293297817601403221e+04
4.324008102419725037e+04
4.353787772546582710e+04
4.382976481131636683e+04
4.412768327795119694e+04
4.443184431515791948e+04
4.473068642112481757e+04
4.501032312043167622e+04
4.527465435792540666e+04
4.553886219148006057e+04
4.579051372878930124e+04
4.602900598779341090e+04
4.626403971934872970e+04
4.650085400947643211e+04
4.673317242479156266e+04
4.697238809035662416e+04
4.720890565375217557e+04
4.745401939027218032e+04
4.769933586768259556e+04
4.793622172320346726e+04
4.816887665294139879e+04
4.839175688916637591e+04
4.860557695318708284e+04
4.881468716207190300e+04
4.902383320818189532e+04
4.923078961314720073e+04
4.942708462755368237e+04
4.962501464768643928e+04
4.981807804111814767e+04
5.002472346189597010e+04
5.026879412671786122e+04
5.055869490022834361e+04
5.086466618381723674e+04
5.116700014829546126e+04
5.146812420754860796e+04
5.176826488988794154e+04
5.209044727033284289e+04
5.244023539328700281e+04
5.279011686775516137e+04
5.315011493695699028e+04
5.352610612921050051e+04
5.390443597179751669e+04
5.427814947687098902e+04
5.466908976408556191e+04
5.506047786377116427e+04
5.544866510195341834e+04
5.583469033936606866e+04
5.623135622697168583e+04
5.661958707637082989e+04
5.699735320311469695e+04
5.736727371974965354e+04
5.772323843630307965e+04
5.805915113670055143e+04
5.838918269159311603e+04
5.871706444525210827e+04
5.904992762237939314e+04
5.937281655294796656e+04
5.969983140507920325e+04
6.003216179588904924e+04
6.035243581315265328e+04
6.067277782914604177e+04
6.098163945523617440e+04
6.128145085865425790e+04
6.158524547921074554e+04
6.192002067751043069e+04
6.227563761225376948e+04
6.264084777887500240e+04
6.299643842248805595e+04
6.333710702741174464e+04
6.368095668554101576e+04
6.398966793571331800e+04
6.428958201490208012e+04
6.457792782587670081e+04
6.486146280930608918e+04
6.513879076727302891e+04
6.540831572079533362e+04
6.566518155381763063e+04
6.591700384847102396e+04
6.616124945336382370e+04
6.639818273460348428e+04
6.662560492509054893e+04
6.683972500776534434e+04
6.705730223760832450e+04
6.727940511995335692e+04
6.750611830609689059e+04
6.773341163372684969e+04
6.796908808339186362e+04
6.820627781009270984e+04
6.844711918654077454e+04
6.869297809166484512e+04
6.894819052327306417e+04
6.920287503318468225e+04
6.945558784005432972e+04
6.971283075798046775e+04
6.997045393151328608e+04
7.022743370943129412e+04
7.048718897540788748e+04
7.074447905051156704e+04
7.099880921678461891e+04
7.125922151584851963e+04
7.152139672378027171e+04
7.178629078572020808e+04
7.205588028093472531e+04
7.233348807982876315e+04
7.261661587096634321e+04
7.290018591107476095e+04
7.318919711433781777e+04
7.348787976661638822e+04
7.381019502875066246e+04
7.414267338473601558e+04
7.448497566259720770e+04
7.484129491088747454e+04
7.519890813198307296e+04
7.556558897912557586e+04
7.595144268102062051e+04
7.635664670727447083e+04
7.678427129680894723e+04
7.721400193984012003e+04
7.763984576258354355e+04
7.806690762046354939e+04
7.849183091471820080e+04
7.891383000565753900e+04
7.933349513012923126e+04
7.974489056224979868e+04
8.015996910983593261e+04
8.056604798070642573e+04
8.096663493367334013e+04
8.135597247422764485e+04
8.173053956665043370e+04
8.210724743707194284e+04
8.246548150093351433e+04
8.282698194587885519e+04
8.319314897481730441e+04
8.355612082898318477e+04
8.391972448794308002e+04
8.430270972200634424e+04
8.468041003438092594e+04
8.505676741231151391e+04
8.542982340973393002e+04
8.579584664627948951e+04
8.616841850074482500e+04
8.653609395091015904e+04
8.689504572605081194e+04
8.726280874334405235e+04
8.764675281560444273e+04
8.800131087715624017e+04
8.834066499900243070e+04
8.866354754651340772e+04
8.898718438235261419e+04
8.930876281680748798e+04
8.962438609506875218e+04
8.994274495445731736e+04
9.025208167530769424e+04
9.056171554958829074e+04
9.085366176348122826e+04
9.113170577671258070e+04
9.140043574184796307e+04
9.166957718985105748e+04
9.193818237383445376e+04
9.219442034031670482e+04
9.246880849609145662e+04
9.275633588569374115e+04
9.304051583632394613e+04
9.329682579730554426e+04
9.354317356293002376e+04
9.377996774469118100e+04
9.401917794708046131e+04
9.425382698857762443e+04
9.448484127041237662e+04
9.472207347205546102e+04
9.496690926990506705e+04
9.520759993614062842e+04
9.546444573288214451e+04
9.572971317128627561e+04
9.600806195347772154e+04
9.627708252608889597e+04
9.654758455611274985e+04
9.682463800123475085e+04
9.711529793759771565e+04
9.740116658806751366e+04
9.768596532078116434e+04
9.798209107960491383e+04
9.827204755178651249e+04
9.856400253560050623e+04
9.885766241682921827e+04
9.915898423594902852e+04
9.947080494109353458e+04
9.977895489444264967e+04
1.000913107512371789e+05
1.003940672870848357e+05
1.006949005223931454e+05
1.010164040361938823e+05
1.013174782017762482e+05
1.015811609995114559e+05
1.018325746243988688e+05
1.020718878755372425e+05
1.022966168228633906e+05
1.025276389927433920e+05
1.027427439755244122e+05
1.029390276832569652e+05
1.031240234198741236e+05
1.033101544274184707e+05
1.035033152875400410e+05
1.036879711700911284e+05
1.038852015801384696e+05
1.040942597818211216e+05
1.043230182641123829e+05
1.045908428129522654e+05
1.048672748956590804e+05
1.051697650159303885e+05
1.054694964483743388e+05
1.057438993426619272e+05
1.060142887753679388e+05
1.062953744917094737e+05
1.066066165111862501e+05
1.069248072242688359e+05
1.072424685648044106e+05
1.075589300513625058e+05
1.078723301971998008e+05
1.081974427053287945e+05
1.085367898471721273e+05
1.088791339988475374e+05
1.092457304096180742e+05
1.096389835788391647e+05
1.100510982367057877e+05
1.104545705135671451e+05
1.108643900835937238e+05
1.112919097121746017e+05
1.117287597267458623e+05
1.121910601228346641e+05
1.126545829294899013e+05
1.131357660105145478e+05
1.136311932570135541e+05
1.141205610143650265e+05
1.146145894170246174e+05
1.150909592816007789e+05
1.155592655937817763e+05
1.160410034026602953e+05
1.165218628565085382e+05
1.170112860035872873e+05
1.175239537480825093e+05
1.180413157561300468e+05
1.185590408252358757e+05
1.190790366183290025e+05
1.196091249223635969e+05
1.201496578441024176e+05
1.207172582685360103e+05
1.212758241498451680e+05
1.218351112931298267e+05
1.223969776982816838e+05
1.229699972567942314e+05
1.235456994911425136e+05
1.241250734336070600e+05
1.247174993281928037e+05
1.253354021191569045e+05
1.259642171006899007e+05
1.265939122471640585e+05
1.272229815785453102e+05
1.278415297192422440e+05
1.284594798822316225e+05
1.290754152479883924e+05
1.296950168956841953e+05
1.303129653276247554e+05
1.309547746525244002e+05
1.315790823120044079e+05
1.321909642051963892e+05
1.328087944734951016e+05
1.334115940126812784e+05
1.340285547693067056e+05
1.346148564087174891e+05
1.351573082801259297e+05
1.356985436969132279e+05
1.362045039642395277e+05
1.367334124139297928e+05
1.372575361965652264e+05
1.377819803972246009e+05
1.382627941199954948e+05
1.387092063443271618e+05
1.391519141393747996e+05
1.396089891431173019e+05
1.400426112984879001e+05
1.404833294861090253e+05
1.409134156038108049e+05
1.412490196230634756e+05
1.414485915395649208e+05
1.416148217275256757e+05
1.417545474573854881e+05
1.418615772567402164e+05
1.419602155387988314e+05
1.420558270959116344e+05
1.421518211406028713e+05
1.422681064561526000e+05
1.423956554129897268e+05
1.425381080494573107e+05
1.428201160188492504e+05
1.432375722214063862e+05
1.437856192531687266e+05
1.443644663516114233e+05
1.450006573720221932e+05
1.456396519840970577e+05
1.462780863694385334e+05
1.469827014290215739e+05
1.477411261009979353e+05
1.485243169730345835e+05
1.493243833217365609e+05
1.501215453082929307e+05
1.509083458602231985e+05
1.517002662310262094e+05
1.524879103962963272e+05
1.532675009402446740e+05
1.540406420870376751e+05
1.548409363622197125e+05
1.556369518689142424e+05
1.564415266821323603e+05
1.572908292156944226e+05
1.581305197410825058e+05
1.590861066382367280e+05
1.600681196421764616e+05
1.610291434152442962e+05
1.619808523006771866e+05
1.629247966614037578e+05
1.638378475281455321e+05
1.647261464195364679e+05
1.656010462836725346e+05
1.664800327289149864e+05
1.673915528380308242e+05
1.683184163642657804e+05
1.692204443190582097e+05
1.700941558242164901e+05
1.709434376088391000e+05
1.718005547248079965e+05
1.726886882790098316e+05
1.735640364556066052e+05
1.744133417817741574e+05
1.752525129797233967e+05
1.760785523508570914e+05
1.769080160419766326e+05
1.777158152019856498e+05
1.785478180821447459e+05
1.793689541108521516e+05
1.802035388591810770e+05
1.810434136674360198e+05
1.818881477737604000e+05
1.827232632364498568e+05
1.835673285692124628e+05
1.844101537692547718e+05
1.852610681000468321e+05
1.860964805644229637e+05
1.869416053626265202e+05
1.877855093232739600e+05
1.886143648552446393e+05
1.894433661072455288e+05
1.902884917590444675e+05
1.911315206964848330e+05
1.919924734924149234e+05
1.928025683172774152e+05
1.936027117780895205e+05
1.944085838717379083e+05
1.951885894241040514e+05
1.959646254825650540e+05
1.967270150930636737e+05
1.974749128085938864e+05
1.982188659159198287e+05
1.989562872920951340e+05
1.997048060554213007e+05
2.004806600028005487e+05
2.012172879422582337e+05
2.019256997432097269e+05
2.026345094165571209e+05
2.033958353461353981e+05
2.041655743536518130e+05
2.048929705854946515e+05
2.056052949165525497e+05
2.063248990566777065e+05
2.070422015843396366e+05
2.077458523510074883e+05
2.084504577381700510e+05
2.091676696076242661e+05
2.099071960876399244e+05
2.106563295497657091e+05
2.113951634777601284e+05
2.121419317534340080e+05
2.128884897902915545e+05
2.136402146836188331e+05
2.144062797104533529e+05
2.151727829269214126e+05
2.159390677664047398e+05
2.167093983449093357e+05
2.174891529445959313e+05
2.182676794084583235e+05
2.190361193444126402e+05
2.198027304298963863e+05
2.205580662732980854e+05
2.212941431197581405e+05
2.220683319775798882e+05
2.228588357935331296e+05
2.236831398170334287e+05
2.245119642568475392e+05
2.253438597817358095e+05
2.261848205959683110e+05
2.270274104506694130e+05
2.278777003774509358e+05
2.287713384181468282e+05
2.296936547317178047e+05
2.306808201723733218e+05
2.316616059724259248e+05
2.325987483914082404e+05
2.335279540017925901e+05
2.344305821480580198e+05
2.353542645048273262e+05
2.362720396744764876e+05
2.371557621448328719e+05
2.380677593842761707e+05
2.389518493998149352e+05
2.398553273542909592e+05
2.407389676702145371e+05
2.416196340722858440e+05
2.424289174125600839e+05
2.431935809168893902e+05
2.440824463442172273e+05
2.448970320014866593e+05
2.456306080618793203e+05
2.462847856693733775e+05
2.469174531212573056e+05
2.475154320351419738e+05
2.481173079033336544e+05
2.487030428133982059e+05
2.492607729955237010e+05
2.497898542762919096e+05
2.503687147098205751e+05
2.509963939986037149e+05
2.516821764958676358e+05
2.523831629500116396e+05
2.531329643848007836e+05
2.539230173323188501e+05
2.547197135463384620e+05
2.555289641294695321e+05
2.563689672988629318e+05
2.572449033631613420e+05
2.581191723387022794e+05
2.590294529577554204e+05
2.599634982951192942e+05
2.609297616696923214e+05
2.619096691417882103e+05
2.628840354704406927e+05
2.639367506533272681e+05
2.650213033762617270e+05
2.660970514821890392e+05
2.671036222624969087e+05
2.681851885981889209e+05
2.692785724395057186e+05
2.702953318883786560e+05
2.712897959497781703e+05
2.722757306639436283e+05
2.732363421890069731e+05
2.742276219096172135e+05
2.751853881219307659e+05
