3.749999999999999861e-02
3.610000000000000014e-02
3.569999999999999563e-02
3.459999999999999881e-02
3.660000000000000059e-02
3.749999999999999861e-02
3.529999999999999805e-02
3.620000000000000301e-02
3.890000000000000402e-02
3.980000000000000204e-02
3.520000000000000212e-02
2.899999999999999800e-02
2.899999999999999800e-02
3.140000000000000430e-02
2.899999999999999800e-02
2.750000000000000014e-02
2.129999999999999949e-02
1.929999999999999771e-02
1.760000000000000106e-02
1.469999999999999953e-02
1.560000000000000102e-02
1.580000000000000154e-02
1.370000000000000037e-02
1.280000000000000061e-02
1.319999999999999993e-02
1.519999999999999997e-02
1.620000000000000259e-02
1.629999999999999852e-02
1.609999999999999973e-02
1.260000000000000009e-02
1.080000000000000057e-02
9.300000000000000974e-03
8.699999999999999400e-03
7.900000000000000772e-03
6.800000000000000488e-03
6.500000000000000569e-03
6.199999999999999782e-03
7.300000000000000065e-03
6.700000000000000226e-03
6.599999999999999964e-03
8.699999999999999400e-03
1.499999999999999944e-02
1.760000000000000106e-02
1.860000000000000195e-02
1.810000000000000150e-02
1.710000000000000062e-02
1.700000000000000122e-02
1.629999999999999852e-02
2.060000000000000026e-02
2.069999999999999965e-02
2.390000000000000110e-02
2.529999999999999957e-02
2.569999999999999715e-02
2.680000000000000090e-02
2.709999999999999909e-02
2.830000000000000224e-02
3.120000000000000204e-02
3.150000000000000022e-02
2.999999999999999889e-02
2.890000000000000208e-02
2.890000000000000208e-02
2.910000000000000087e-02
2.980000000000000010e-02
2.869999999999999982e-02
2.839999999999999816e-02
2.860000000000000042e-02
2.580000000000000002e-02
2.400000000000000050e-02
2.350000000000000006e-02
2.359999999999999945e-02
2.200000000000000219e-02
2.209999999999999812e-02
2.319999999999999840e-02
2.189999999999999933e-02
2.299999999999999961e-02
2.299999999999999961e-02
2.479999999999999913e-02
2.419999999999999929e-02
2.430000000000000215e-02
2.490000000000000199e-02
2.140000000000000235e-02
1.760000000000000106e-02
1.629999999999999852e-02
1.560000000000000102e-02
1.499999999999999944e-02
1.639999999999999791e-02
1.810000000000000150e-02
1.810000000000000150e-02
1.890000000000000013e-02
1.779999999999999985e-02
2.089999999999999844e-02
2.240000000000000324e-02
2.259999999999999856e-02
2.069999999999999965e-02
2.170000000000000054e-02
2.170000000000000054e-02
2.319999999999999840e-02
2.359999999999999945e-02
2.200000000000000219e-02
1.929999999999999771e-02
2.040000000000000147e-02
1.979999999999999816e-02
1.879999999999999727e-02
2.209999999999999812e-02
2.330000000000000127e-02
2.299999999999999961e-02
2.529999999999999957e-02
2.419999999999999929e-02
2.539999999999999897e-02
2.600000000000000228e-02
2.560000000000000123e-02
2.709999999999999909e-02
2.720000000000000195e-02
2.709999999999999909e-02
2.860000000000000042e-02
2.899999999999999800e-02
2.720000000000000195e-02
2.620000000000000107e-02
2.809999999999999998e-02
2.740000000000000074e-02
2.580000000000000002e-02
2.299999999999999961e-02
1.929999999999999771e-02
1.760000000000000106e-02
1.959999999999999937e-02
1.979999999999999816e-02
1.909999999999999892e-02
1.720000000000000001e-02
1.650000000000000078e-02
1.750000000000000167e-02
1.720000000000000001e-02
1.679999999999999896e-02
1.530000000000000110e-02
1.620000000000000259e-02
1.800000000000000211e-02
2.049999999999999739e-02
2.170000000000000054e-02
1.969999999999999876e-02
1.969999999999999876e-02
1.979999999999999816e-02
2.009999999999999634e-02
2.149999999999999828e-02
1.979999999999999816e-02
2.299999999999999961e-02
2.999999999999999889e-02
2.999999999999999889e-02
3.169999999999999901e-02
3.450000000000000289e-02
3.409999999999999837e-02
3.579999999999999849e-02
3.389999999999999958e-02
3.289999999999999869e-02
2.759999999999999953e-02
2.539999999999999897e-02
2.649999999999999925e-02
2.700000000000000316e-02
3.009999999999999828e-02
3.200000000000000067e-02
3.420000000000000123e-02
3.849999999999999950e-02
3.729999999999999982e-02
3.690000000000000224e-02
3.729999999999999982e-02
3.590000000000000135e-02
3.400000000000000244e-02
3.389999999999999958e-02
3.400000000000000244e-02
3.590000000000000135e-02
3.559999999999999970e-02
3.720000000000000390e-02
3.289999999999999869e-02
2.930000000000000313e-02
2.819999999999999937e-02
2.869999999999999982e-02
2.520000000000000018e-02
2.419999999999999929e-02
3.529999999999999805e-02
3.810000000000000192e-02
3.690000000000000224e-02
3.890000000000000402e-02
4.009999999999999676e-02
4.099999999999999478e-02
3.880000000000000115e-02
3.669999999999999651e-02
3.509999999999999926e-02
3.740000000000000269e-02
3.740000000000000269e-02
4.099999999999999478e-02
4.150000000000000216e-02
4.529999999999999999e-02
4.519999999999999712e-02
4.669999999999999846e-02
5.000000000000000278e-02
5.099999999999999672e-02
4.750000000000000056e-02
4.690000000000000419e-02
4.559999999999999470e-02
4.719999999999999890e-02
4.759999999999999648e-02
4.559999999999999470e-02
4.599999999999999922e-02
4.730000000000000177e-02
4.719999999999999890e-02
4.879999999999999616e-02
5.090000000000000080e-02
5.110000000000000653e-02
5.110000000000000653e-02
4.989999999999999991e-02
4.719999999999999890e-02
4.570000000000000451e-02
4.419999999999999624e-02
4.469999999999999668e-02
4.529999999999999999e-02
4.460000000000000075e-02
4.200000000000000261e-02
4.259999999999999898e-02
4.179999999999999688e-02
4.000000000000000083e-02
4.139999999999999930e-02
4.340000000000000108e-02
4.499999999999999833e-02
4.170000000000000095e-02
4.219999999999999446e-02
4.230000000000000426e-02
4.190000000000000668e-02
4.099999999999999478e-02
4.129999999999999644e-02
4.280000000000000471e-02
4.499999999999999833e-02
4.730000000000000177e-02
4.719999999999999890e-02
4.349999999999999700e-02
3.830000000000000071e-02
4.080000000000000293e-02
4.150000000000000216e-02
4.269999999999999490e-02
4.299999999999999656e-02
4.290000000000000063e-02
4.269999999999999490e-02
4.450000000000000483e-02
3.980000000000000204e-02
3.330000000000000321e-02
3.569999999999999563e-02
3.959999999999999631e-02
3.810000000000000192e-02
3.899999999999999994e-02
4.050000000000000128e-02
4.030000000000000249e-02
4.050000000000000128e-02
3.939999999999999752e-02
3.869999999999999829e-02
4.259999999999999898e-02
4.650000000000000661e-02
4.929999999999999660e-02
5.160000000000000003e-02
5.210000000000000048e-02
5.279999999999999971e-02
4.910000000000000475e-02
5.040000000000000036e-02
5.090000000000000080e-02
4.650000000000000661e-02
4.570000000000000451e-02
4.730000000000000177e-02
4.969999999999999418e-02
5.240000000000000213e-02
5.279999999999999971e-02
5.389999999999999653e-02
5.139999999999999430e-02
4.889999999999999902e-02
5.099999999999999672e-02
5.160000000000000003e-02
5.240000000000000213e-02
5.720000000000000084e-02
5.739999999999999963e-02
5.799999999999999600e-02
5.829999999999999766e-02
6.049999999999999822e-02
6.099999999999999867e-02
6.439999999999999891e-02
5.990000000000000185e-02
6.260000000000000286e-02
6.519999999999999407e-02
6.660000000000000642e-02
6.280000000000000859e-02
6.029999999999999943e-02
6.110000000000000153e-02
5.920000000000000262e-02
5.940000000000000141e-02
5.790000000000000008e-02
5.900000000000000383e-02
5.539999999999999786e-02
5.179999999999999882e-02
5.230000000000000621e-02
5.000000000000000278e-02
4.719999999999999890e-02
4.639999999999999680e-02
4.830000000000000265e-02
4.529999999999999999e-02
4.809999999999999692e-02
5.339999999999999608e-02
5.460000000000000270e-02
5.500000000000000028e-02
5.650000000000000161e-02
5.639999999999999875e-02
5.650000000000000161e-02
5.569999999999999951e-02
5.539999999999999786e-02
5.809999999999999887e-02
5.879999999999999810e-02
6.029999999999999943e-02
6.210000000000000242e-02
6.300000000000000044e-02
6.219999999999999835e-02
6.489999999999999936e-02
6.709999999999999298e-02
6.890000000000000291e-02
6.690000000000000113e-02
6.419999999999999318e-02
6.579999999999999738e-02
6.300000000000000044e-02
6.199999999999999956e-02
6.529999999999999694e-02
6.829999999999999960e-02
6.640000000000000069e-02
6.869999999999999718e-02
6.909999999999999476e-02
6.740000000000000158e-02
6.509999999999999121e-02
6.269999999999999185e-02
5.809999999999999887e-02
5.650000000000000161e-02
5.709999999999999798e-02
5.929999999999999855e-02
6.040000000000000230e-02
6.199999999999999956e-02
6.489999999999999936e-02
6.280000000000000859e-02
6.169999999999999790e-02
6.629999999999999782e-02
7.059999999999999609e-02
7.200000000000000844e-02
7.470000000000000251e-02
7.780000000000000804e-02
7.810000000000000275e-02
7.950000000000000122e-02
7.739999999999999658e-02
7.459999999999999964e-02
7.240000000000000602e-02
7.299999999999999545e-02
7.099999999999999367e-02
7.180000000000000271e-02
6.969999999999999807e-02
6.480000000000001037e-02
5.969999999999999613e-02
5.750000000000000250e-02
5.769999999999999435e-02
5.720000000000000084e-02
5.330000000000000016e-02
5.360000000000000181e-02
5.679999999999999633e-02
5.809999999999999887e-02
5.960000000000000020e-02
6.040000000000000230e-02
5.969999999999999613e-02
5.980000000000000593e-02
6.260000000000000286e-02
6.600000000000000311e-02
6.769999999999999629e-02
6.869999999999999718e-02
6.590000000000000024e-02
6.419999999999999318e-02
6.590000000000000024e-02
6.840000000000000246e-02
7.259999999999999787e-02
7.389999999999999347e-02
7.480000000000000537e-02
7.539999999999999480e-02
7.339999999999999303e-02
7.030000000000000138e-02
7.090000000000000469e-02
7.420000000000000207e-02
7.530000000000000582e-02
7.649999999999999856e-02
7.900000000000000078e-02
8.269999999999999574e-02
8.279999999999999860e-02
8.070000000000000784e-02
8.039999999999998537e-02
8.109999999999999154e-02
7.850000000000000033e-02
8.089999999999999969e-02
8.070000000000000784e-02
8.390000000000000235e-02
8.719999999999999973e-02
8.890000000000000679e-02
8.749999999999999445e-02
8.470000000000001139e-02
8.480000000000000038e-02
8.759999999999999731e-02
8.789999999999999203e-02
8.590000000000000413e-02
8.470000000000001139e-02
8.210000000000000631e-02
7.839999999999999747e-02
7.870000000000000606e-02
8.010000000000000453e-02
8.190000000000000058e-02
8.109999999999999154e-02
8.019999999999999352e-02
8.279999999999999860e-02
8.859999999999999820e-02
9.179999999999999272e-02
9.359999999999998876e-02
9.170000000000000373e-02
9.089999999999999469e-02
9.110000000000000042e-02
8.960000000000001297e-02
8.800000000000000877e-02
8.980000000000000482e-02
9.260000000000000175e-02
9.059999999999999998e-02
8.920000000000000151e-02
9.089999999999999469e-02
8.719999999999999973e-02
8.369999999999999662e-02
8.210000000000000631e-02
8.669999999999999929e-02
8.990000000000000768e-02
8.859999999999999820e-02
9.519999999999999296e-02
9.420000000000000595e-02
8.759999999999999731e-02
8.449999999999999178e-02
8.400000000000000522e-02
8.609999999999999598e-02
8.019999999999999352e-02
7.249999999999999500e-02
7.249999999999999500e-02
7.080000000000000182e-02
7.109999999999999654e-02
7.249999999999999500e-02
7.429999999999999105e-02
7.449999999999999678e-02
7.169999999999999984e-02
7.299999999999999545e-02
7.799999999999999989e-02
7.710000000000000187e-02
7.299999999999999545e-02
7.780000000000000804e-02
8.699999999999999400e-02
9.189999999999999558e-02
9.260000000000000175e-02
9.779999999999999805e-02
1.024000000000000049e-01
1.036999999999999866e-01
1.033000000000000029e-01
1.031000000000000111e-01
1.015999999999999959e-01
1.084999999999999992e-01
1.142999999999999988e-01
1.185999999999999971e-01
1.150999999999999940e-01
1.138000000000000123e-01
1.150000000000000050e-01
1.156999999999999973e-01
1.215999999999999998e-01
1.252000000000000057e-01
1.272000000000000075e-01
1.335999999999999965e-01
1.355999999999999983e-01
1.340999999999999970e-01
1.262999999999999956e-01
1.232000000000000040e-01
1.184000000000000052e-01
1.166999999999999982e-01
1.183000000000000024e-01
1.168999999999999900e-01
1.153999999999999887e-01
1.165000000000000063e-01
1.184999999999999942e-01
1.138000000000000123e-01
1.084999999999999992e-01
1.038000000000000034e-01
1.040000000000000091e-01
1.050999999999999990e-01
1.072000000000000036e-01
1.046000000000000124e-01
1.053999999999999937e-01
1.055000000000000104e-01
1.091000000000000025e-01
1.233999999999999958e-01
1.305999999999999939e-01
1.394999999999999851e-01
1.430000000000000160e-01
1.361999999999999877e-01
1.386999999999999900e-01
1.386000000000000010e-01
1.442999999999999838e-01
1.459000000000000019e-01
1.372000000000000164e-01
1.339000000000000190e-01
1.514999999999999958e-01
1.532000000000000028e-01
1.494000000000000050e-01
1.427999999999999825e-01
1.347000000000000142e-01
1.409999999999999865e-01
1.368000000000000049e-01
1.311999999999999833e-01
1.318999999999999895e-01
1.257000000000000062e-01
1.283999999999999864e-01
1.267999999999999960e-01
1.174999999999999933e-01
1.150999999999999940e-01
1.110000000000000014e-01
1.024999999999999939e-01
9.779999999999999805e-02
1.018000000000000016e-01
1.147000000000000103e-01
1.275000000000000022e-01
1.241000000000000020e-01
1.080000000000000127e-01
1.039000000000000062e-01
1.064999999999999974e-01
1.030000000000000082e-01
9.329999999999999405e-02
9.029999999999999138e-02
8.949999999999999623e-02
8.909999999999999865e-02
9.249999999999999889e-02
9.179999999999999272e-02
9.119999999999998941e-02
9.099999999999999756e-02
9.099999999999999756e-02
9.009999999999999953e-02
8.810000000000001164e-02
8.640000000000000457e-02
8.419999999999999707e-02
8.410000000000000808e-02
8.640000000000000457e-02
8.460000000000000853e-02
8.349999999999999090e-02
8.150000000000000300e-02
8.039999999999998537e-02
8.029999999999999638e-02
7.960000000000000409e-02
7.690000000000001001e-02
7.580000000000000626e-02
7.519999999999998908e-02
7.339999999999999303e-02
7.400000000000001021e-02
7.330000000000000404e-02
7.280000000000000360e-02
7.459999999999999964e-02
7.370000000000000162e-02
7.459999999999999964e-02
7.389999999999999347e-02
7.209999999999999742e-02
6.869999999999999718e-02
7.290000000000000646e-02
7.409999999999999920e-02
7.589999999999999525e-02
7.769999999999999130e-02
7.829999999999999460e-02
7.860000000000000320e-02
7.900000000000000078e-02
7.560000000000000053e-02
7.730000000000000759e-02
7.789999999999999702e-02
7.739999999999999658e-02
8.000000000000000167e-02
8.050000000000000211e-02
8.140000000000000013e-02
8.429999999999999993e-02
8.400000000000000522e-02
8.060000000000000497e-02
7.860000000000000320e-02
8.060000000000000497e-02
8.229999999999999816e-02
7.730000000000000759e-02
7.389999999999999347e-02
7.499999999999999722e-02
7.429999999999999105e-02
7.679999999999999327e-02
7.900000000000000078e-02
8.039999999999998537e-02
8.039999999999998537e-02
7.810000000000000275e-02
7.539999999999999480e-02
7.580000000000000626e-02
7.510000000000000009e-02
7.209999999999999742e-02
6.959999999999999520e-02
6.990000000000000380e-02
6.740000000000000158e-02
6.729999999999999871e-02
6.790000000000000202e-02
7.090000000000000469e-02
7.400000000000001021e-02
7.130000000000000226e-02
6.900000000000000577e-02
6.849999999999999145e-02
6.669999999999999540e-02
6.709999999999999298e-02
6.640000000000000069e-02
6.460000000000000464e-02
6.360000000000000375e-02
6.280000000000000859e-02
6.480000000000001037e-02
6.550000000000000266e-02
6.210000000000000242e-02
6.110000000000000153e-02
6.110000000000000153e-02
6.130000000000000032e-02
6.190000000000000363e-02
6.070000000000000395e-02
6.079999999999999988e-02
5.950000000000000427e-02
5.929999999999999855e-02
5.809999999999999887e-02
5.929999999999999855e-02
6.139999999999999625e-02
6.579999999999999738e-02
6.729999999999999871e-02
6.519999999999999407e-02
6.389999999999999847e-02
5.829999999999999766e-02
5.700000000000000205e-02
6.110000000000000153e-02
6.240000000000000407e-02
6.389999999999999847e-02
6.840000000000000246e-02
7.330000000000000404e-02
7.389999999999999347e-02
7.530000000000000582e-02
7.459999999999999964e-02
7.839999999999999747e-02
7.910000000000000364e-02
7.389999999999999347e-02
7.069999999999999896e-02
7.240000000000000602e-02
7.789999999999999702e-02
7.649999999999999856e-02
7.139999999999999125e-02
7.099999999999999367e-02
7.159999999999999698e-02
6.690000000000000113e-02
6.719999999999999585e-02
6.570000000000000839e-02
6.320000000000000617e-02
6.169999999999999790e-02
6.300000000000000044e-02
6.190000000000000363e-02
6.040000000000000230e-02
6.029999999999999943e-02
5.700000000000000205e-02
5.580000000000000238e-02
5.460000000000000270e-02
5.419999999999999818e-02
5.500000000000000028e-02
5.720000000000000084e-02
5.870000000000000218e-02
5.639999999999999875e-02
5.739999999999999963e-02
5.559999999999999665e-02
5.530000000000000193e-02
5.700000000000000205e-02
5.750000000000000250e-02
5.480000000000000149e-02
5.299999999999999850e-02
5.279999999999999971e-02
5.160000000000000003e-02
5.019999999999999463e-02
4.849999999999999450e-02
4.589999999999999636e-02
4.540000000000000285e-02
4.630000000000000088e-02
4.580000000000000043e-02
4.839999999999999858e-02
5.160000000000000003e-02
5.009999999999999870e-02
5.179999999999999882e-02
5.219999999999999640e-02
5.019999999999999463e-02
4.809999999999999692e-02
4.780000000000000221e-02
4.750000000000000056e-02
4.870000000000000023e-02
4.830000000000000265e-02
4.610000000000000209e-02
4.619999999999999801e-02
4.450000000000000483e-02
4.349999999999999700e-02
4.290000000000000063e-02
4.250000000000000305e-02
4.200000000000000261e-02
4.209999999999999853e-02
4.209999999999999853e-02
4.200000000000000261e-02
4.209999999999999853e-02
4.209999999999999853e-02
4.190000000000000668e-02
4.179999999999999688e-02
4.150000000000000216e-02
4.190000000000000668e-02
4.200000000000000261e-02
4.190000000000000668e-02
4.190000000000000668e-02
4.170000000000000095e-02
4.200000000000000261e-02
4.230000000000000426e-02
4.219999999999999446e-02
4.150000000000000216e-02
4.170000000000000095e-02
4.129999999999999644e-02
4.120000000000000051e-02
4.110000000000000459e-02
4.080000000000000293e-02
4.000000000000000083e-02
4.019999999999999268e-02
3.990000000000000491e-02
3.930000000000000160e-02
3.969999999999999918e-02
3.930000000000000160e-02
3.919999999999999873e-02
3.830000000000000071e-02
3.859999999999999543e-02
3.919999999999999873e-02
3.930000000000000160e-02
3.980000000000000204e-02
3.980000000000000204e-02
4.009999999999999676e-02
3.910000000000000281e-02
3.869999999999999829e-02
3.839999999999999664e-02
3.930000000000000160e-02
4.039999999999999841e-02
4.080000000000000293e-02
4.059999999999999720e-02
3.939999999999999752e-02
3.919999999999999873e-02
3.980000000000000204e-02
4.039999999999999841e-02
3.919999999999999873e-02
3.880000000000000115e-02
3.710000000000000103e-02
3.780000000000000027e-02
3.740000000000000269e-02
3.780000000000000027e-02
3.839999999999999664e-02
3.839999999999999664e-02
3.930000000000000160e-02
3.890000000000000402e-02
3.799999999999999906e-02
3.799999999999999906e-02
3.899999999999999994e-02
4.150000000000000216e-02
4.349999999999999700e-02
4.280000000000000471e-02
4.250000000000000305e-02
4.490000000000000241e-02
4.719999999999999890e-02
4.690000000000000419e-02
4.529999999999999999e-02
4.529999999999999999e-02
4.679999999999999438e-02
4.429999999999999910e-02
4.400000000000000439e-02
4.340000000000000108e-02
4.309999999999999942e-02
4.120000000000000051e-02
3.990000000000000491e-02
3.959999999999999631e-02
4.019999999999999268e-02
3.859999999999999543e-02
3.740000000000000269e-02
3.799999999999999906e-02
3.759999999999999454e-02
3.540000000000000091e-02
3.200000000000000067e-02
2.970000000000000070e-02
2.920000000000000026e-02
2.879999999999999921e-02
2.980000000000000010e-02
3.049999999999999933e-02
3.089999999999999691e-02
3.209999999999999659e-02
3.720000000000000390e-02
3.969999999999999918e-02
3.919999999999999873e-02
3.930000000000000160e-02
3.930000000000000160e-02
3.799999999999999906e-02
3.600000000000000422e-02
3.479999999999999760e-02
3.409999999999999837e-02
3.339999999999999913e-02
3.459999999999999881e-02
3.590000000000000135e-02
3.490000000000000047e-02
3.339999999999999913e-02
3.379999999999999671e-02
3.330000000000000321e-02
3.109999999999999917e-02
2.999999999999999889e-02
3.069999999999999812e-02
3.180000000000000188e-02
2.960000000000000131e-02
2.839999999999999816e-02
2.899999999999999800e-02
2.960000000000000131e-02
2.890000000000000208e-02
2.879999999999999921e-02
2.970000000000000070e-02
2.970000000000000070e-02
2.899999999999999800e-02
2.779999999999999832e-02
2.759999999999999953e-02
2.750000000000000014e-02
2.680000000000000090e-02
2.649999999999999925e-02
2.609999999999999820e-02
2.509999999999999731e-02
2.479999999999999913e-02
2.430000000000000215e-02
2.379999999999999824e-02
2.359999999999999945e-02
2.299999999999999961e-02
2.379999999999999824e-02
2.370000000000000231e-02
2.290000000000000022e-02
2.370000000000000231e-02
2.470000000000000320e-02
2.479999999999999913e-02
2.589999999999999941e-02
2.680000000000000090e-02
2.660000000000000211e-02
2.869999999999999982e-02
2.950000000000000192e-02
2.930000000000000313e-02
3.109999999999999917e-02
3.049999999999999933e-02
2.830000000000000224e-02
2.769999999999999893e-02
2.799999999999999711e-02
2.830000000000000224e-02
2.819999999999999937e-02
2.809999999999999998e-02
2.790000000000000119e-02
2.779999999999999832e-02
2.769999999999999893e-02
2.759999999999999953e-02
2.740000000000000074e-02
2.730000000000000135e-02
2.720000000000000195e-02
2.700000000000000316e-02
2.690000000000000030e-02
2.680000000000000090e-02
2.669999999999999804e-02
2.660000000000000211e-02
2.649999999999999925e-02
2.639999999999999986e-02
2.630000000000000046e-02
2.620000000000000107e-02
2.620000000000000107e-02
2.609999999999999820e-02
2.600000000000000228e-02
2.589999999999999941e-02
2.580000000000000002e-02
2.569999999999999715e-02
2.549999999999999836e-02
2.529999999999999957e-02
2.509999999999999731e-02
2.490000000000000199e-02
2.470000000000000320e-02
2.439999999999999808e-02
2.419999999999999929e-02
2.400000000000000050e-02
2.379999999999999824e-02
2.359999999999999945e-02
2.339999999999999719e-02
2.319999999999999840e-02
2.319999999999999840e-02
2.319999999999999840e-02
2.319999999999999840e-02
2.319999999999999840e-02
2.319999999999999840e-02
2.319999999999999840e-02
2.309999999999999901e-02
2.309999999999999901e-02
2.309999999999999901e-02
2.309999999999999901e-02
2.309999999999999901e-02
2.309999999999999901e-02
2.319999999999999840e-02
2.330000000000000127e-02
2.339999999999999719e-02
2.350000000000000006e-02
2.359999999999999945e-02
2.379999999999999824e-02
2.390000000000000110e-02
2.400000000000000050e-02
2.409999999999999989e-02
2.419999999999999929e-02
2.430000000000000215e-02
2.439999999999999808e-02
2.419999999999999929e-02
2.409999999999999989e-02
2.390000000000000110e-02
2.379999999999999824e-02
2.359999999999999945e-02
2.350000000000000006e-02
2.330000000000000127e-02
2.309999999999999901e-02
2.299999999999999961e-02
2.279999999999999735e-02
2.270000000000000143e-02
2.249999999999999917e-02
2.240000000000000324e-02
2.240000000000000324e-02
2.230000000000000038e-02
2.230000000000000038e-02
2.220000000000000098e-02
2.220000000000000098e-02
2.209999999999999812e-02
2.209999999999999812e-02
2.200000000000000219e-02
2.200000000000000219e-02
2.189999999999999933e-02
2.189999999999999933e-02
2.200000000000000219e-02
2.220000000000000098e-02
2.230000000000000038e-02
2.249999999999999917e-02
2.270000000000000143e-02
2.279999999999999735e-02
2.299999999999999961e-02
2.309999999999999901e-02
2.330000000000000127e-02
2.339999999999999719e-02
2.359999999999999945e-02
2.370000000000000231e-02
2.379999999999999824e-02
2.390000000000000110e-02
2.400000000000000050e-02
2.409999999999999989e-02
2.419999999999999929e-02
2.419999999999999929e-02
2.430000000000000215e-02
2.439999999999999808e-02
2.450000000000000094e-02
2.460000000000000034e-02
2.470000000000000320e-02
2.479999999999999913e-02
2.479999999999999913e-02
2.479999999999999913e-02
2.479999999999999913e-02
2.479999999999999913e-02
2.479999999999999913e-02
2.470000000000000320e-02
2.470000000000000320e-02
2.470000000000000320e-02
2.470000000000000320e-02
2.470000000000000320e-02
2.470000000000000320e-02
2.470000000000000320e-02
2.470000000000000320e-02
2.470000000000000320e-02
2.470000000000000320e-02
2.470000000000000320e-02
2.470000000000000320e-02
2.460000000000000034e-02
2.460000000000000034e-02
2.460000000000000034e-02
2.460000000000000034e-02
2.460000000000000034e-02
2.460000000000000034e-02
2.460000000000000034e-02
2.419999999999999929e-02
2.379999999999999824e-02
2.330000000000000127e-02
2.290000000000000022e-02
2.249999999999999917e-02
2.200000000000000219e-02
2.160000000000000114e-02
2.120000000000000009e-02
2.079999999999999905e-02
2.040000000000000147e-02
1.990000000000000102e-02
1.949999999999999997e-02
1.969999999999999876e-02
1.990000000000000102e-02
2.019999999999999921e-02
2.040000000000000147e-02
2.060000000000000026e-02
2.079999999999999905e-02
2.100000000000000130e-02
2.120000000000000009e-02
2.140000000000000235e-02
2.170000000000000054e-02
2.189999999999999933e-02
2.209999999999999812e-02
2.220000000000000098e-02
2.230000000000000038e-02
2.249999999999999917e-02
2.259999999999999856e-02
2.270000000000000143e-02
2.290000000000000022e-02
2.299999999999999961e-02
2.309999999999999901e-02
2.319999999999999840e-02
2.339999999999999719e-02
2.350000000000000006e-02
2.359999999999999945e-02
2.379999999999999824e-02
2.390000000000000110e-02
2.409999999999999989e-02
2.430000000000000215e-02
2.439999999999999808e-02
2.460000000000000034e-02
2.479999999999999913e-02
2.490000000000000199e-02
2.509999999999999731e-02
2.529999999999999957e-02
2.539999999999999897e-02
2.560000000000000123e-02
2.569999999999999715e-02
2.580000000000000002e-02
2.589999999999999941e-02
2.600000000000000228e-02
2.609999999999999820e-02
2.620000000000000107e-02
2.630000000000000046e-02
2.639999999999999986e-02
2.649999999999999925e-02
2.660000000000000211e-02
2.669999999999999804e-02
2.680000000000000090e-02
2.680000000000000090e-02
2.669999999999999804e-02
2.669999999999999804e-02
2.669999999999999804e-02
2.669999999999999804e-02
2.660000000000000211e-02
2.660000000000000211e-02
2.660000000000000211e-02
2.660000000000000211e-02
2.649999999999999925e-02
2.649999999999999925e-02
2.649999999999999925e-02
2.660000000000000211e-02
2.669999999999999804e-02
2.680000000000000090e-02
2.700000000000000316e-02
2.709999999999999909e-02
2.720000000000000195e-02
2.730000000000000135e-02
2.740000000000000074e-02
2.759999999999999953e-02
2.769999999999999893e-02
2.779999999999999832e-02
2.790000000000000119e-02
2.819999999999999937e-02
2.850000000000000103e-02
2.869999999999999982e-02
2.899999999999999800e-02
2.930000000000000313e-02
2.950000000000000192e-02
2.980000000000000010e-02
3.009999999999999828e-02
3.039999999999999994e-02
3.069999999999999812e-02
3.089999999999999691e-02
3.120000000000000204e-02
3.140000000000000430e-02
3.150000000000000022e-02
3.169999999999999901e-02
3.180000000000000188e-02
3.200000000000000067e-02
3.209999999999999659e-02
3.230000000000000232e-02
3.250000000000000111e-02
3.259999999999999704e-02
3.279999999999999583e-02
3.289999999999999869e-02
3.309999999999999748e-02
3.339999999999999913e-02
3.370000000000000079e-02
3.400000000000000244e-02
3.430000000000000410e-02
3.459999999999999881e-02
3.490000000000000047e-02
3.529999999999999805e-02
3.559999999999999970e-02
3.590000000000000135e-02
3.620000000000000301e-02
3.649999999999999772e-02
3.679999999999999938e-02
3.649999999999999772e-02
3.620000000000000301e-02
3.600000000000000422e-02
3.569999999999999563e-02
3.540000000000000091e-02
3.509999999999999926e-02
3.479999999999999760e-02
3.450000000000000289e-02
3.420000000000000123e-02
3.400000000000000244e-02
3.370000000000000079e-02
3.339999999999999913e-02
3.339999999999999913e-02
3.330000000000000321e-02
3.330000000000000321e-02
3.320000000000000034e-02
3.320000000000000034e-02
3.320000000000000034e-02
3.309999999999999748e-02
3.309999999999999748e-02
3.300000000000000155e-02
3.300000000000000155e-02
3.289999999999999869e-02
3.289999999999999869e-02
3.320000000000000034e-02
3.339999999999999913e-02
3.370000000000000079e-02
3.389999999999999958e-02
3.420000000000000123e-02
3.440000000000000002e-02
3.470000000000000168e-02
3.500000000000000333e-02
3.520000000000000212e-02
3.549999999999999684e-02
3.569999999999999563e-02
3.600000000000000422e-02
3.579999999999999849e-02
3.559999999999999970e-02
3.529999999999999805e-02
3.509999999999999926e-02
3.490000000000000047e-02
3.459999999999999881e-02
3.440000000000000002e-02
3.420000000000000123e-02
3.400000000000000244e-02
3.379999999999999671e-02
3.350000000000000200e-02
3.330000000000000321e-02
3.330000000000000321e-02
3.330000000000000321e-02
3.330000000000000321e-02
3.330000000000000321e-02
3.330000000000000321e-02
3.339999999999999913e-02
3.339999999999999913e-02
3.339999999999999913e-02
3.339999999999999913e-02
3.339999999999999913e-02
3.339999999999999913e-02
3.339999999999999913e-02
3.370000000000000079e-02
3.400000000000000244e-02
3.420000000000000123e-02
3.450000000000000289e-02
3.479999999999999760e-02
3.509999999999999926e-02
3.540000000000000091e-02
3.569999999999999563e-02
3.600000000000000422e-02
3.620000000000000301e-02
3.649999999999999772e-02
3.679999999999999938e-02
3.690000000000000224e-02
3.710000000000000103e-02
3.720000000000000390e-02
3.740000000000000269e-02
3.759999999999999454e-02
3.769999999999999740e-02
3.790000000000000313e-02
3.799999999999999906e-02
3.819999999999999785e-02
3.830000000000000071e-02
3.849999999999999950e-02
3.859999999999999543e-02
3.880000000000000115e-02
3.890000000000000402e-02
3.910000000000000281e-02
3.930000000000000160e-02
3.939999999999999752e-02
3.959999999999999631e-02
3.980000000000000204e-02
3.990000000000000491e-02
4.009999999999999676e-02
4.030000000000000249e-02
4.039999999999999841e-02
4.059999999999999720e-02
4.089999999999999886e-02
4.110000000000000459e-02
4.139999999999999930e-02
4.159999999999999809e-02
4.179999999999999688e-02
4.209999999999999853e-02
4.240000000000000019e-02
4.259999999999999898e-02
4.280000000000000471e-02
4.309999999999999942e-02
4.340000000000000108e-02
4.359999999999999987e-02
4.359999999999999987e-02
4.349999999999999700e-02
4.340000000000000108e-02
4.340000000000000108e-02
4.340000000000000108e-02
4.329999999999999821e-02
4.320000000000000229e-02
4.320000000000000229e-02
4.320000000000000229e-02
4.309999999999999942e-02
4.299999999999999656e-02
4.299999999999999656e-02
4.370000000000000273e-02
4.429999999999999910e-02
4.499999999999999833e-02
4.559999999999999470e-02
4.630000000000000088e-02
4.700000000000000011e-02
4.759999999999999648e-02
4.830000000000000265e-02
4.889999999999999902e-02
4.959999999999999826e-02
5.019999999999999463e-02
5.090000000000000080e-02
5.079999999999999793e-02
5.070000000000000201e-02
5.059999999999999915e-02
5.049999999999999628e-02
5.040000000000000036e-02
5.030000000000000443e-02
5.019999999999999463e-02
5.009999999999999870e-02
5.000000000000000278e-02
4.989999999999999991e-02
4.980000000000000399e-02
4.969999999999999418e-02
4.929999999999999660e-02
4.889999999999999902e-02
4.849999999999999450e-02
4.809999999999999692e-02
4.769999999999999241e-02
4.740000000000000463e-02
4.700000000000000011e-02
4.660000000000000253e-02
4.619999999999999801e-02
4.580000000000000043e-02
4.540000000000000285e-02
4.499999999999999833e-02
4.510000000000000120e-02
4.510000000000000120e-02
4.519999999999999712e-02
4.519999999999999712e-02
4.529999999999999999e-02
4.529999999999999999e-02
4.540000000000000285e-02
4.549999999999999878e-02
4.549999999999999878e-02
4.559999999999999470e-02
4.559999999999999470e-02
4.570000000000000451e-02
4.540000000000000285e-02
4.510000000000000120e-02
4.490000000000000241e-02
4.460000000000000075e-02
4.429999999999999910e-02
4.400000000000000439e-02
4.370000000000000273e-02
4.340000000000000108e-02
4.320000000000000229e-02
4.290000000000000063e-02
4.259999999999999898e-02
4.230000000000000426e-02
4.219999999999999446e-02
4.200000000000000261e-02
4.179999999999999688e-02
4.170000000000000095e-02
4.159999999999999809e-02
4.139999999999999930e-02
4.120000000000000051e-02
4.110000000000000459e-02
4.089999999999999886e-02
4.080000000000000293e-02
4.070000000000000007e-02
4.050000000000000128e-02
4.070000000000000007e-02
4.080000000000000293e-02
4.099999999999999478e-02
4.110000000000000459e-02
4.129999999999999644e-02
4.139999999999999930e-02
4.159999999999999809e-02
4.179999999999999688e-02
4.190000000000000668e-02
4.209999999999999853e-02
4.219999999999999446e-02
4.240000000000000019e-02
4.230000000000000426e-02
4.230000000000000426e-02
4.219999999999999446e-02
4.209999999999999853e-02
4.209999999999999853e-02
4.200000000000000261e-02
4.190000000000000668e-02
4.190000000000000668e-02
4.179999999999999688e-02
4.170000000000000095e-02
4.170000000000000095e-02
4.159999999999999809e-02
4.179999999999999688e-02
4.209999999999999853e-02
4.230000000000000426e-02
4.259999999999999898e-02
4.280000000000000471e-02
4.299999999999999656e-02
4.329999999999999821e-02
4.349999999999999700e-02
4.379999999999999866e-02
4.400000000000000439e-02
4.429999999999999910e-02
4.450000000000000483e-02
4.410000000000000031e-02
4.379999999999999866e-02
4.340000000000000108e-02
4.299999999999999656e-02
4.269999999999999490e-02
4.230000000000000426e-02
4.190000000000000668e-02
4.159999999999999809e-02
4.120000000000000051e-02
4.080000000000000293e-02
4.050000000000000128e-02
4.009999999999999676e-02
4.009999999999999676e-02
4.009999999999999676e-02
4.000000000000000083e-02
4.000000000000000083e-02
4.000000000000000083e-02
3.990000000000000491e-02
3.990000000000000491e-02
3.990000000000000491e-02
3.990000000000000491e-02
3.980000000000000204e-02
3.980000000000000204e-02
3.980000000000000204e-02
3.969999999999999918e-02
3.969999999999999918e-02
3.959999999999999631e-02
3.959999999999999631e-02
3.950000000000000039e-02
3.939999999999999752e-02
3.939999999999999752e-02
3.930000000000000160e-02
3.930000000000000160e-02
3.919999999999999873e-02
3.919999999999999873e-02
3.910000000000000281e-02
3.899999999999999994e-02
3.880000000000000115e-02
3.869999999999999829e-02
3.859999999999999543e-02
3.849999999999999950e-02
3.839999999999999664e-02
3.819999999999999785e-02
3.810000000000000192e-02
3.799999999999999906e-02
3.790000000000000313e-02
3.769999999999999740e-02
3.759999999999999454e-02
3.769999999999999740e-02
3.780000000000000027e-02
3.790000000000000313e-02
3.799999999999999906e-02
3.810000000000000192e-02
3.819999999999999785e-02
3.819999999999999785e-02
3.830000000000000071e-02
3.839999999999999664e-02
3.849999999999999950e-02
3.859999999999999543e-02
3.869999999999999829e-02
3.849999999999999950e-02
3.839999999999999664e-02
3.819999999999999785e-02
3.799999999999999906e-02
3.790000000000000313e-02
3.769999999999999740e-02
3.749999999999999861e-02
3.740000000000000269e-02
3.720000000000000390e-02
3.700000000000000511e-02
3.690000000000000224e-02
3.669999999999999651e-02
3.649999999999999772e-02
3.629999999999999893e-02
3.610000000000000014e-02
3.590000000000000135e-02
3.569999999999999563e-02
3.549999999999999684e-02
3.529999999999999805e-02
3.509999999999999926e-02
3.490000000000000047e-02
3.470000000000000168e-02
3.450000000000000289e-02
3.430000000000000410e-02
3.430000000000000410e-02
3.440000000000000002e-02
3.440000000000000002e-02
3.450000000000000289e-02
3.450000000000000289e-02
3.450000000000000289e-02
3.459999999999999881e-02
3.459999999999999881e-02
3.470000000000000168e-02
3.470000000000000168e-02
3.479999999999999760e-02
3.479999999999999760e-02
3.470000000000000168e-02
3.470000000000000168e-02
3.459999999999999881e-02
3.450000000000000289e-02
3.450000000000000289e-02
3.440000000000000002e-02
3.430000000000000410e-02
3.430000000000000410e-02
3.420000000000000123e-02
3.409999999999999837e-02
3.409999999999999837e-02
3.400000000000000244e-02
3.389999999999999958e-02
3.379999999999999671e-02
3.379999999999999671e-02
3.370000000000000079e-02
3.359999999999999792e-02
3.350000000000000200e-02
3.339999999999999913e-02
3.330000000000000321e-02
3.330000000000000321e-02
3.320000000000000034e-02
3.309999999999999748e-02
3.300000000000000155e-02
3.289999999999999869e-02
3.279999999999999583e-02
3.269999999999999990e-02
3.259999999999999704e-02
3.250000000000000111e-02
3.240000000000000518e-02
3.230000000000000232e-02
3.219999999999999946e-02
3.209999999999999659e-02
3.200000000000000067e-02
3.189999999999999780e-02
3.180000000000000188e-02
3.169999999999999901e-02
3.169999999999999901e-02
3.160000000000000309e-02
3.150000000000000022e-02
3.150000000000000022e-02
3.140000000000000430e-02
3.130000000000000143e-02
3.130000000000000143e-02
3.120000000000000204e-02
3.109999999999999917e-02
3.109999999999999917e-02
3.099999999999999978e-02
3.099999999999999978e-02
3.109999999999999917e-02
3.109999999999999917e-02
3.120000000000000204e-02
3.120000000000000204e-02
3.120000000000000204e-02
3.130000000000000143e-02
3.130000000000000143e-02
3.140000000000000430e-02
3.140000000000000430e-02
3.150000000000000022e-02
3.150000000000000022e-02
3.150000000000000022e-02
3.140000000000000430e-02
3.140000000000000430e-02
3.130000000000000143e-02
3.130000000000000143e-02
3.120000000000000204e-02
3.120000000000000204e-02
3.120000000000000204e-02
3.109999999999999917e-02
3.109999999999999917e-02
3.099999999999999978e-02
3.099999999999999978e-02
3.120000000000000204e-02
3.140000000000000430e-02
3.160000000000000309e-02
3.180000000000000188e-02
3.200000000000000067e-02
3.219999999999999946e-02
3.250000000000000111e-02
3.269999999999999990e-02
3.289999999999999869e-02
3.309999999999999748e-02
3.330000000000000321e-02
3.350000000000000200e-02
3.350000000000000200e-02
3.359999999999999792e-02
3.359999999999999792e-02
3.370000000000000079e-02
3.370000000000000079e-02
3.379999999999999671e-02
3.379999999999999671e-02
3.379999999999999671e-02
3.389999999999999958e-02
3.389999999999999958e-02
3.400000000000000244e-02
3.400000000000000244e-02
3.420000000000000123e-02
3.430000000000000410e-02
3.450000000000000289e-02
3.470000000000000168e-02
3.479999999999999760e-02
3.500000000000000333e-02
3.520000000000000212e-02
3.529999999999999805e-02
3.549999999999999684e-02
3.569999999999999563e-02
3.579999999999999849e-02
3.600000000000000422e-02
3.590000000000000135e-02
3.579999999999999849e-02
3.569999999999999563e-02
3.549999999999999684e-02
3.540000000000000091e-02
3.529999999999999805e-02
3.520000000000000212e-02
3.509999999999999926e-02
3.490000000000000047e-02
3.479999999999999760e-02
3.470000000000000168e-02
3.459999999999999881e-02
3.479999999999999760e-02
3.500000000000000333e-02
3.520000000000000212e-02
3.540000000000000091e-02
3.559999999999999970e-02
3.579999999999999849e-02
3.600000000000000422e-02
3.620000000000000301e-02
3.640000000000000180e-02
3.660000000000000059e-02
3.679999999999999938e-02
3.700000000000000511e-02
3.700000000000000511e-02
3.710000000000000103e-02
3.710000000000000103e-02
3.720000000000000390e-02
3.720000000000000390e-02
3.720000000000000390e-02
3.729999999999999982e-02
3.729999999999999982e-02
3.740000000000000269e-02
3.740000000000000269e-02
3.749999999999999861e-02
3.749999999999999861e-02
3.740000000000000269e-02
3.720000000000000390e-02
3.710000000000000103e-02
3.700000000000000511e-02
3.690000000000000224e-02
3.669999999999999651e-02
3.660000000000000059e-02
3.649999999999999772e-02
3.640000000000000180e-02
3.620000000000000301e-02
3.610000000000000014e-02
3.600000000000000422e-02
3.600000000000000422e-02
3.600000000000000422e-02
3.610000000000000014e-02
3.610000000000000014e-02
3.610000000000000014e-02
3.610000000000000014e-02
3.610000000000000014e-02
3.610000000000000014e-02
3.620000000000000301e-02
3.620000000000000301e-02
3.620000000000000301e-02
3.620000000000000301e-02
3.600000000000000422e-02
3.590000000000000135e-02
3.569999999999999563e-02
3.549999999999999684e-02
3.540000000000000091e-02
3.520000000000000212e-02
3.500000000000000333e-02
3.490000000000000047e-02
3.470000000000000168e-02
3.450000000000000289e-02
3.440000000000000002e-02
3.420000000000000123e-02
3.420000000000000123e-02
3.420000000000000123e-02
3.430000000000000410e-02
3.430000000000000410e-02
3.430000000000000410e-02
3.430000000000000410e-02
3.440000000000000002e-02
3.440000000000000002e-02
3.440000000000000002e-02
3.440000000000000002e-02
3.450000000000000289e-02
3.450000000000000289e-02
3.470000000000000168e-02
3.490000000000000047e-02
3.509999999999999926e-02
3.520000000000000212e-02
3.540000000000000091e-02
3.559999999999999970e-02
3.579999999999999849e-02
3.600000000000000422e-02
3.620000000000000301e-02
3.629999999999999893e-02
3.649999999999999772e-02
3.669999999999999651e-02
3.660000000000000059e-02
3.640000000000000180e-02
3.629999999999999893e-02
3.620000000000000301e-02
3.610000000000000014e-02
3.600000000000000422e-02
3.579999999999999849e-02
3.569999999999999563e-02
3.559999999999999970e-02
3.549999999999999684e-02
3.529999999999999805e-02
3.520000000000000212e-02
3.509999999999999926e-02
3.490000000000000047e-02
3.479999999999999760e-02
3.470000000000000168e-02
3.459999999999999881e-02
3.440000000000000002e-02
3.430000000000000410e-02
3.420000000000000123e-02
3.409999999999999837e-02
3.389999999999999958e-02
3.379999999999999671e-02
3.370000000000000079e-02
3.379999999999999671e-02
3.389999999999999958e-02
3.409999999999999837e-02
3.420000000000000123e-02
3.430000000000000410e-02
3.440000000000000002e-02
3.459999999999999881e-02
3.470000000000000168e-02
3.479999999999999760e-02
3.490000000000000047e-02
3.509999999999999926e-02
3.520000000000000212e-02
3.529999999999999805e-02
3.540000000000000091e-02
3.549999999999999684e-02
3.549999999999999684e-02
3.559999999999999970e-02
3.569999999999999563e-02
3.579999999999999849e-02
3.590000000000000135e-02
3.600000000000000422e-02
3.600000000000000422e-02
3.610000000000000014e-02
3.620000000000000301e-02
3.620000000000000301e-02
3.620000000000000301e-02
3.620000000000000301e-02
3.620000000000000301e-02
3.620000000000000301e-02
3.620000000000000301e-02
3.629999999999999893e-02
3.629999999999999893e-02
3.629999999999999893e-02
3.629999999999999893e-02
3.629999999999999893e-02
3.629999999999999893e-02
3.629999999999999893e-02
3.629999999999999893e-02
3.629999999999999893e-02
3.629999999999999893e-02
3.629999999999999893e-02
3.620000000000000301e-02
3.620000000000000301e-02
3.620000000000000301e-02
3.620000000000000301e-02
3.620000000000000301e-02
3.620000000000000301e-02
3.620000000000000301e-02
3.629999999999999893e-02
3.629999999999999893e-02
3.640000000000000180e-02
3.649999999999999772e-02
3.649999999999999772e-02
3.660000000000000059e-02
3.669999999999999651e-02
3.669999999999999651e-02
3.679999999999999938e-02
3.690000000000000224e-02
3.690000000000000224e-02
3.700000000000000511e-02
3.729999999999999982e-02
3.749999999999999861e-02
3.780000000000000027e-02
3.810000000000000192e-02
3.830000000000000071e-02
3.859999999999999543e-02
3.890000000000000402e-02
3.910000000000000281e-02
3.939999999999999752e-02
3.969999999999999918e-02
3.990000000000000491e-02
4.019999999999999268e-02
4.039999999999999841e-02
4.050000000000000128e-02
4.070000000000000007e-02
4.089999999999999886e-02
4.099999999999999478e-02
4.120000000000000051e-02
4.139999999999999930e-02
4.150000000000000216e-02
4.170000000000000095e-02
4.190000000000000668e-02
4.200000000000000261e-02
4.219999999999999446e-02
4.230000000000000426e-02
4.240000000000000019e-02
4.250000000000000305e-02
4.259999999999999898e-02
4.269999999999999490e-02
4.280000000000000471e-02
4.290000000000000063e-02
4.299999999999999656e-02
4.309999999999999942e-02
4.320000000000000229e-02
4.329999999999999821e-02
4.340000000000000108e-02
4.349999999999999700e-02
4.359999999999999987e-02
4.370000000000000273e-02
4.379999999999999866e-02
4.389999999999999458e-02
4.389999999999999458e-02
4.400000000000000439e-02
4.410000000000000031e-02
4.419999999999999624e-02
4.429999999999999910e-02
4.440000000000000197e-02
4.450000000000000483e-02
4.460000000000000075e-02
4.469999999999999668e-02
4.490000000000000241e-02
4.499999999999999833e-02
4.510000000000000120e-02
4.519999999999999712e-02
4.529999999999999999e-02
4.540000000000000285e-02
4.549999999999999878e-02
4.570000000000000451e-02
4.580000000000000043e-02
4.589999999999999636e-02
4.630000000000000088e-02
4.669999999999999846e-02
4.710000000000000298e-02
4.750000000000000056e-02
4.789999999999999813e-02
4.830000000000000265e-02
4.870000000000000023e-02
4.910000000000000475e-02
4.950000000000000233e-02
4.989999999999999991e-02
5.030000000000000443e-02
5.070000000000000201e-02
5.099999999999999672e-02
5.139999999999999430e-02
5.169999999999999596e-02
5.200000000000000455e-02
5.240000000000000213e-02
5.269999999999999685e-02
5.299999999999999850e-02
5.339999999999999608e-02
5.369999999999999774e-02
5.400000000000000633e-02
5.440000000000000391e-02
5.469999999999999862e-02
5.480000000000000149e-02
5.490000000000000435e-02
5.500000000000000028e-02
5.509999999999999620e-02
5.519999999999999907e-02
5.530000000000000193e-02
5.530000000000000193e-02
5.539999999999999786e-02
5.550000000000000072e-02
5.559999999999999665e-02
5.569999999999999951e-02
5.580000000000000238e-02
5.559999999999999665e-02
5.539999999999999786e-02
5.530000000000000193e-02
5.509999999999999620e-02
5.490000000000000435e-02
5.469999999999999862e-02
5.449999999999999983e-02
5.429999999999999410e-02
5.410000000000000225e-02
5.400000000000000633e-02
5.380000000000000060e-02
5.360000000000000181e-02
5.360000000000000181e-02
5.349999999999999895e-02
5.349999999999999895e-02
5.349999999999999895e-02
5.339999999999999608e-02
5.339999999999999608e-02
5.339999999999999608e-02
5.330000000000000016e-02
5.330000000000000016e-02
5.330000000000000016e-02
5.320000000000000423e-02
5.320000000000000423e-02
